0.0000  0.50055  0.49945
0.0020  0.49979  0.50021
0.0040  0.49939  0.50061
0.0060  0.49853  0.50147
0.0080  0.49807  0.50193
0.0100  0.49812  0.50188
0.0120  0.49683  0.50317
0.0140  0.49679  0.50321
0.0160  0.49518  0.50482
0.0180  0.49559  0.50441
0.0200  0.49462  0.50538
0.0220  0.49406  0.50594
0.0240  0.49471  0.50529
0.0260  0.49311  0.50689
0.0280  0.49240  0.50760
0.0300  0.49182  0.50818
0.0320  0.49175  0.50825
0.0340  0.49155  0.50845
0.0360  0.49154  0.50846
0.0380  0.49016  0.50984
0.0400  0.48992  0.51008
0.0420  0.48910  0.51090
0.0440  0.49027  0.50973
0.0460  0.48806  0.51194
0.0480  0.48703  0.51297
0.0500  0.48688  0.51313
0.0520  0.48567  0.51433
0.0540  0.48564  0.51436
0.0560  0.48483  0.51517
0.0580  0.48567  0.51433
0.0600  0.48400  0.51600
0.0620  0.48539  0.51461
0.0640  0.48379  0.51621
0.0660  0.48378  0.51622
0.0680  0.48280  0.51720
0.0700  0.48272  0.51728
0.0720  0.48118  0.51882
0.0740  0.48173  0.51827
0.0760  0.48168  0.51832
0.0780  0.48032  0.51968
0.0800  0.47991  0.52009
0.0820  0.47890  0.52110
0.0840  0.47908  0.52092
0.0860  0.47982  0.52018
0.0880  0.47658  0.52342
0.0900  0.47802  0.52198
0.0920  0.47636  0.52364
0.0940  0.47588  0.52412
0.0960  0.47490  0.52510
0.0980  0.47509  0.52491
0.1000  0.47502  0.52498
0.1020  0.47523  0.52477
0.1040  0.47475  0.52525
0.1060  0.47292  0.52708
0.1080  0.47304  0.52696
0.1100  0.47225  0.52775
0.1120  0.47286  0.52714
0.1140  0.47032  0.52968
0.1160  0.47141  0.52859
0.1180  0.47095  0.52905
0.1200  0.46966  0.53034
0.1220  0.46884  0.53116
0.1240  0.46861  0.53139
0.1260  0.46847  0.53153
0.1280  0.46805  0.53195
0.1300  0.46827  0.53173
0.1320  0.46708  0.53292
0.1340  0.46673  0.53327
0.1360  0.46619  0.53381
0.1380  0.46586  0.53414
0.1400  0.46525  0.53475
0.1420  0.46418  0.53582
0.1440  0.46377  0.53623
0.1460  0.46302  0.53698
0.1480  0.46107  0.53893
0.1500  0.46298  0.53702
0.1520  0.46198  0.53802
0.1540  0.46113  0.53887
0.1560  0.46041  0.53959
0.1580  0.45952  0.54048
0.1600  0.45893  0.54107
0.1620  0.45892  0.54108
0.1640  0.45864  0.54136
0.1660  0.45819  0.54181
0.1680  0.45800  0.54200
0.1700  0.45683  0.54317
0.1720  0.45575  0.54425
0.1740  0.45628  0.54372
0.1760  0.45549  0.54451
0.1780  0.45416  0.54584
0.1800  0.45514  0.54486
0.1820  0.45300  0.54700
0.1840  0.45264  0.54736
0.1860  0.45299  0.54701
0.1880  0.45275  0.54725
0.1900  0.45257  0.54743
0.1920  0.45095  0.54905
0.1940  0.45106  0.54894
0.1960  0.44974  0.55026
0.1980  0.45000  0.55000
0.2000  0.45000  0.55000
0.2020  0.44838  0.55162
0.2040  0.44919  0.55081
0.2060  0.44905  0.55095
0.2080  0.44720  0.55280
0.2100  0.44689  0.55311
0.2120  0.44483  0.55517
0.2140  0.44541  0.55459
0.2160  0.44416  0.55584
0.2180  0.44423  0.55577
0.2200  0.44364  0.55636
0.2220  0.44384  0.55616
0.2240  0.44268  0.55732
0.2260  0.44139  0.55861
0.2280  0.44210  0.55790
0.2300  0.44094  0.55906
0.2320  0.43979  0.56021
0.2340  0.43938  0.56063
0.2360  0.43939  0.56061
0.2380  0.43850  0.56150
0.2400  0.43785  0.56215
0.2420  0.43824  0.56176
0.2440  0.43718  0.56282
0.2460  0.43765  0.56235
0.2480  0.43686  0.56314
0.2500  0.43606  0.56394
0.2520  0.43555  0.56445
0.2540  0.43402  0.56598
0.2560  0.43343  0.56657
0.2580  0.43379  0.56621
0.2600  0.43313  0.56687
0.2620  0.43299  0.56701
0.2640  0.43156  0.56844
0.2660  0.43072  0.56928
0.2680  0.43136  0.56864
0.2700  0.43082  0.56918
0.2720  0.42980  0.57020
0.2740  0.42889  0.57111
0.2760  0.42951  0.57049
0.2780  0.42713  0.57287
0.2800  0.42843  0.57157
0.2820  0.42813  0.57187
0.2840  0.42724  0.57276
0.2860  0.42550  0.57450
0.2880  0.42574  0.57426
0.2900  0.42559  0.57441
0.2920  0.42530  0.57470
0.2940  0.42359  0.57641
0.2960  0.42420  0.57580
0.2980  0.42289  0.57711
0.3000  0.42255  0.57745
0.3020  0.42125  0.57875
0.3040  0.42109  0.57891
0.3060  0.42065  0.57935
0.3080  0.41920  0.58080
0.3100  0.41998  0.58002
0.3120  0.41926  0.58074
0.3140  0.41884  0.58116
0.3160  0.41751  0.58249
0.3180  0.41648  0.58352
0.3200  0.41553  0.58447
0.3220  0.41586  0.58414
0.3240  0.41460  0.58540
0.3260  0.41534  0.58466
0.3280  0.41421  0.58579
0.3300  0.41484  0.58516
0.3320  0.41247  0.58753
0.3340  0.41311  0.58689
0.3360  0.41067  0.58933
0.3380  0.41090  0.58910
0.3400  0.41056  0.58944
0.3420  0.41002  0.58998
0.3440  0.41005  0.58995
0.3460  0.40947  0.59053
0.3480  0.40760  0.59240
0.3500  0.40834  0.59166
0.3520  0.40714  0.59286
0.3540  0.40643  0.59357
0.3560  0.40675  0.59325
0.3580  0.40560  0.59440
0.3600  0.40458  0.59542
0.3620  0.40416  0.59584
0.3640  0.40295  0.59705
0.3660  0.40340  0.59660
0.3680  0.40178  0.59822
0.3700  0.40132  0.59868
0.3720  0.40082  0.59918
0.3740  0.40078  0.59922
0.3760  0.40049  0.59951
0.3780  0.39882  0.60118
0.3800  0.39993  0.60007
0.3820  0.39782  0.60218
0.3840  0.39730  0.60270
0.3860  0.39800  0.60200
0.3880  0.39696  0.60304
0.3900  0.39656  0.60344
0.3920  0.39606  0.60394
0.3940  0.39430  0.60570
0.3960  0.39368  0.60632
0.3980  0.39411  0.60589
0.4000  0.39309  0.60691
0.4020  0.39347  0.60653
0.4040  0.39059  0.60941
0.4060  0.39184  0.60816
0.4080  0.38967  0.61033
0.4100  0.38934  0.61066
0.4120  0.38807  0.61193
0.4140  0.38846  0.61154
0.4160  0.38770  0.61230
0.4180  0.38648  0.61352
0.4200  0.38773  0.61227
0.4220  0.38668  0.61332
0.4240  0.38375  0.61625
0.4260  0.38541  0.61459
0.4280  0.38488  0.61512
0.4300  0.38356  0.61644
0.4320  0.38352  0.61648
0.4340  0.38154  0.61846
0.4360  0.38248  0.61752
0.4380  0.38194  0.61806
0.4400  0.38045  0.61955
0.4420  0.38033  0.61967
0.4440  0.37995  0.62005
0.4460  0.37680  0.62320
0.4480  0.37786  0.62214
0.4500  0.37811  0.62189
0.4520  0.37564  0.62436
0.4540  0.37634  0.62366
0.4560  0.37505  0.62495
0.4580  0.37422  0.62578
0.4600  0.37491  0.62509
0.4620  0.37301  0.62699
0.4640  0.37291  0.62709
0.4660  0.37104  0.62896
0.4680  0.37101  0.62899
0.4700  0.37057  0.62943
0.4720  0.36979  0.63021
0.4740  0.36984  0.63016
0.4760  0.36776  0.63224
0.4780  0.36834  0.63166
0.4800  0.36747  0.63253
0.4820  0.36695  0.63305
0.4840  0.36602  0.63398
0.4860  0.36698  0.63302
0.4880  0.36525  0.63475
0.4900  0.36350  0.63650
0.4920  0.36282  0.63718
0.4940  0.36326  0.63674
0.4960  0.36245  0.63755
0.4980  0.36164  0.63836
0.5000  0.36103  0.63897
0.5020  0.35933  0.64067
0.5040  0.35990  0.64010
0.5060  0.35877  0.64123
0.5080  0.35712  0.64288
0.5100  0.35738  0.64262
0.5120  0.35578  0.64422
0.5140  0.35725  0.64275
0.5160  0.35380  0.64620
0.5180  0.35418  0.64582
0.5200  0.35326  0.64674
0.5220  0.35345  0.64655
0.5240  0.35246  0.64754
0.5260  0.35209  0.64791
0.5280  0.34995  0.65005
0.5300  0.35054  0.64946
0.5320  0.34989  0.65011
0.5340  0.34947  0.65053
0.5360  0.34796  0.65204
0.5380  0.34843  0.65157
0.5400  0.34821  0.65179
0.5420  0.34541  0.65459
0.5440  0.34525  0.65475
0.5460  0.34477  0.65523
0.5480  0.34348  0.65652
0.5500  0.34264  0.65736
0.5520  0.34129  0.65871
0.5540  0.34097  0.65903
0.5560  0.34061  0.65939
0.5580  0.34046  0.65954
0.5600  0.33841  0.66159
0.5620  0.33744  0.66256
0.5640  0.33721  0.66279
0.5660  0.33623  0.66377
0.5680  0.33722  0.66278
0.5700  0.33529  0.66471
0.5720  0.33388  0.66612
0.5740  0.33297  0.66703
0.5760  0.33192  0.66808
0.5780  0.33214  0.66786
0.5800  0.33146  0.66854
0.5820  0.33027  0.66973
0.5840  0.33116  0.66884
0.5860  0.32879  0.67121
0.5880  0.32850  0.67150
0.5900  0.32868  0.67132
0.5920  0.32653  0.67347
0.5940  0.32558  0.67442
0.5960  0.32544  0.67456
0.5980  0.32482  0.67518
0.6000  0.32323  0.67677
0.6020  0.32255  0.67745
0.6040  0.32150  0.67850
0.6060  0.32076  0.67924
0.6080  0.32158  0.67842
0.6100  0.32181  0.67819
0.6120  0.31900  0.68100
0.6140  0.31770  0.68230
0.6160  0.31909  0.68091
0.6180  0.31702  0.68298
0.6200  0.31614  0.68386
0.6220  0.31523  0.68477
0.6240  0.31392  0.68608
0.6260  0.31143  0.68857
0.6280  0.31398  0.68602
0.6300  0.31112  0.68888
0.6320  0.30977  0.69023
0.6340  0.31041  0.68959
0.6360  0.30986  0.69014
0.6380  0.30872  0.69128
0.6400  0.30735  0.69265
0.6420  0.30648  0.69352
0.6440  0.30511  0.69489
0.6460  0.30484  0.69516
0.6480  0.30419  0.69581
0.6500  0.30227  0.69773
0.6520  0.30288  0.69712
0.6540  0.30108  0.69892
0.6560  0.30062  0.69938
0.6580  0.29971  0.70029
0.6600  0.29887  0.70113
0.6620  0.29888  0.70112
0.6640  0.29722  0.70278
0.6660  0.29531  0.70469
0.6680  0.29499  0.70501
0.6700  0.29511  0.70489
0.6720  0.29357  0.70643
0.6740  0.29166  0.70834
0.6760  0.29150  0.70850
0.6780  0.29074  0.70926
0.6800  0.29058  0.70942
0.6820  0.28840  0.71160
0.6840  0.28813  0.71187
0.6860  0.28756  0.71244
0.6880  0.28509  0.71491
0.6900  0.28517  0.71483
0.6920  0.28274  0.71726
0.6940  0.28446  0.71554
0.6960  0.28077  0.71923
0.6980  0.27979  0.72021
0.7000  0.27904  0.72096
0.7020  0.27885  0.72115
0.7040  0.27851  0.72149
0.7060  0.27746  0.72254
0.7080  0.27488  0.72512
0.7100  0.27566  0.72434
0.7120  0.27415  0.72585
0.7140  0.27410  0.72590
0.7160  0.27299  0.72701
0.7180  0.27127  0.72873
0.7200  0.26780  0.73220
0.7220  0.27059  0.72941
0.7240  0.26818  0.73182
0.7260  0.26639  0.73361
0.7280  0.26577  0.73423
0.7300  0.26496  0.73504
0.7320  0.26327  0.73673
0.7340  0.26429  0.73571
0.7360  0.25999  0.74001
0.7380  0.25921  0.74079
0.7400  0.26002  0.73998
0.7420  0.25804  0.74196
0.7440  0.25782  0.74218
0.7460  0.25616  0.74384
0.7480  0.25587  0.74413
0.7500  0.25432  0.74568
0.7520  0.25132  0.74868
0.7540  0.25386  0.74614
0.7560  0.25023  0.74977
0.7580  0.24988  0.75012
0.7600  0.24907  0.75093
0.7620  0.24707  0.75293
0.7640  0.24552  0.75448
0.7660  0.24580  0.75420
0.7680  0.24407  0.75593
0.7700  0.24215  0.75785
0.7720  0.23960  0.76040
0.7740  0.23931  0.76069
0.7760  0.23779  0.76221
0.7780  0.23855  0.76145
0.7800  0.23664  0.76336
0.7820  0.23511  0.76489
0.7840  0.23414  0.76586
0.7860  0.23256  0.76744
0.7880  0.23194  0.76806
0.7900  0.22912  0.77088
0.7920  0.22900  0.77100
0.7940  0.22789  0.77211
0.7960  0.22591  0.77409
0.7980  0.22472  0.77528
0.8000  0.22291  0.77709
0.8020  0.22167  0.77833
0.8040  0.22023  0.77977
0.8060  0.21875  0.78125
0.8080  0.21793  0.78207
0.8100  0.21573  0.78427
0.8120  0.21399  0.78601
0.8140  0.21328  0.78672
0.8160  0.21134  0.78866
0.8180  0.20852  0.79148
0.8200  0.20766  0.79234
0.8220  0.20534  0.79466
0.8240  0.20544  0.79456
0.8260  0.20506  0.79494
0.8280  0.20148  0.79852
0.8300  0.19958  0.80042
0.8320  0.19799  0.80201
0.8340  0.19717  0.80283
0.8360  0.19250  0.80750
0.8380  0.19202  0.80798
0.8400  0.19039  0.80961
0.8420  0.19075  0.80925
0.8440  0.18563  0.81437
0.8460  0.18627  0.81373
0.8480  0.18135  0.81865
0.8500  0.17998  0.82002
0.8520  0.17736  0.82264
0.8540  0.17499  0.82501
0.8560  0.17168  0.82832
0.8580  0.16968  0.83032
0.8600  0.16657  0.83343
0.8620  0.16754  0.83246
0.8640  0.16330  0.83670
0.8660  0.16133  0.83867
0.8680  0.15712  0.84288
0.8700  0.15544  0.84456
0.8720  0.15257  0.84743
0.8740  0.15053  0.84947
0.8760  0.14770  0.85230
0.8780  0.14536  0.85464
0.8800  0.14178  0.85822
0.8820  0.13886  0.86114
0.8840  0.13928  0.86072
0.8860  0.13727  0.86273
0.8880  0.13534  0.86466
0.8900  0.13306  0.86694
0.8920  0.12964  0.87036
0.8940  0.12760  0.87240
0.8960  0.12440  0.87560
0.8980  0.12317  0.87683
0.9000  0.12190  0.87810
0.9020  0.11902  0.88098
0.9040  0.11939  0.88061
0.9060  0.11727  0.88273
0.9080  0.11471  0.88529
0.9100  0.11229  0.88771
0.9120  0.11116  0.88884
0.9140  0.10897  0.89103
0.9160  0.10819  0.89181
0.9180  0.10671  0.89329
0.9200  0.10415  0.89585
0.9220  0.10395  0.89605
0.9240  0.10333  0.89667
0.9260  0.10174  0.89826
0.9280  0.09888  0.90112
0.9300  0.09709  0.90291
0.9320  0.09740  0.90260
0.9340  0.09413  0.90587
0.9360  0.09422  0.90578
0.9380  0.09232  0.90768
0.9400  0.09320  0.90680
0.9420  0.08971  0.91029
0.9440  0.08912  0.91088
0.9460  0.08920  0.91080
0.9480  0.08784  0.91216
0.9500  0.08524  0.91476
0.9520  0.08561  0.91439
0.9540  0.08388  0.91612
0.9560  0.08164  0.91836
0.9580  0.08204  0.91796
0.9600  0.08018  0.91982
0.9620  0.07957  0.92043
0.9640  0.07919  0.92081
0.9660  0.07735  0.92265
0.9680  0.07794  0.92206
0.9700  0.07671  0.92329
0.9720  0.07569  0.92431
0.9740  0.07350  0.92650
0.9760  0.07237  0.92763
0.9780  0.07332  0.92668
0.9800  0.07068  0.92932
0.9820  0.07064  0.92936
0.9840  0.06936  0.93064
0.9860  0.06990  0.93010
0.9880  0.06892  0.93108
0.9900  0.06752  0.93248
0.9920  0.06691  0.93309
0.9940  0.06639  0.93361
0.9960  0.06470  0.93530
0.9980  0.06312  0.93688
1.0000  0.06409  0.93591
1.0020  0.06389  0.93611
1.0040  0.06410  0.93590
1.0060  0.06202  0.93798
1.0080  0.06075  0.93925
1.0100  0.06119  0.93881
1.0120  0.06003  0.93997
1.0140  0.06021  0.93979
1.0160  0.05862  0.94137
1.0180  0.05784  0.94216
1.0200  0.05796  0.94204
1.0220  0.05718  0.94282
1.0240  0.05698  0.94302
1.0260  0.05616  0.94384
1.0280  0.05545  0.94455
1.0300  0.05432  0.94568
1.0320  0.05342  0.94658
1.0340  0.05370  0.94630
1.0360  0.05292  0.94708
1.0380  0.05454  0.94546
1.0400  0.05227  0.94773
1.0420  0.05213  0.94787
1.0440  0.05251  0.94749
1.0460  0.04990  0.95010
1.0480  0.05018  0.94982
1.0500  0.04979  0.95021
1.0520  0.04931  0.95069
1.0540  0.04830  0.95170
1.0560  0.04932  0.95068
1.0580  0.04841  0.95159
1.0600  0.04763  0.95237
1.0620  0.04760  0.95240
1.0640  0.04774  0.95226
1.0660  0.04580  0.95420
1.0680  0.04575  0.95425
1.0700  0.04463  0.95537
1.0720  0.04533  0.95467
1.0740  0.04581  0.95419
1.0760  0.04508  0.95492
1.0780  0.04288  0.95713
1.0800  0.04375  0.95625
1.0820  0.04192  0.95808
1.0840  0.04269  0.95731
1.0860  0.04196  0.95804
1.0880  0.04186  0.95814
1.0900  0.04105  0.95895
1.0920  0.04175  0.95825
1.0940  0.04166  0.95834
1.0960  0.04068  0.95932
1.0980  0.04083  0.95917
1.1000  0.04030  0.95970
1.1020  0.03909  0.96091
1.1040  0.03973  0.96027
1.1060  0.03918  0.96082
1.1080  0.03909  0.96091
1.1100  0.03821  0.96179
1.1120  0.03750  0.96250
1.1140  0.03849  0.96151
1.1160  0.03756  0.96244
1.1180  0.03707  0.96293
1.1200  0.03622  0.96378
1.1220  0.03655  0.96345
1.1240  0.03511  0.96489
1.1260  0.03522  0.96478
1.1280  0.03630  0.96370
1.1300  0.03455  0.96545
1.1320  0.03564  0.96436
1.1340  0.03500  0.96500
1.1360  0.03469  0.96531
1.1380  0.03261  0.96739
1.1400  0.03316  0.96684
1.1420  0.03433  0.96567
1.1440  0.03330  0.96670
1.1460  0.03232  0.96768
1.1480  0.03288  0.96713
1.1500  0.03246  0.96754
1.1520  0.03096  0.96904
1.1540  0.03265  0.96735
1.1560  0.03192  0.96808
1.1580  0.03098  0.96902
1.1600  0.03177  0.96823
1.1620  0.03188  0.96812
1.1640  0.03000  0.97000
1.1660  0.03058  0.96942
1.1680  0.03059  0.96941
1.1700  0.03032  0.96968
1.1720  0.02986  0.97014
1.1740  0.02934  0.97066
1.1760  0.02956  0.97044
1.1780  0.02951  0.97049
1.1800  0.02784  0.97216
1.1820  0.02873  0.97127
1.1840  0.02799  0.97201
1.1860  0.02909  0.97091
1.1880  0.02987  0.97013
1.1900  0.02851  0.97149
1.1920  0.02779  0.97221
1.1940  0.02604  0.97396
1.1960  0.02658  0.97342
1.1980  0.02695  0.97305
1.2000  0.02825  0.97175
1.2020  0.02716  0.97284
1.2040  0.02869  0.97131
1.2060  0.02582  0.97418
1.2080  0.02700  0.97300
1.2100  0.02810  0.97190
1.2120  0.02743  0.97257
1.2140  0.02615  0.97385
1.2160  0.02621  0.97379
1.2180  0.02520  0.97480
1.2200  0.02562  0.97437
1.2220  0.02607  0.97393
1.2240  0.02438  0.97562
1.2260  0.02572  0.97428
1.2280  0.02455  0.97545
1.2300  0.02493  0.97507
1.2320  0.02517  0.97483
1.2340  0.02394  0.97606
1.2360  0.02348  0.97652
1.2380  0.02357  0.97643
1.2400  0.02361  0.97639
1.2420  0.02413  0.97587
1.2440  0.02399  0.97601
1.2460  0.02364  0.97636
1.2480  0.02348  0.97652
1.2500  0.02433  0.97567
1.2520  0.02387  0.97613
1.2540  0.02433  0.97567
1.2560  0.02318  0.97682
1.2580  0.02341  0.97659
1.2600  0.02391  0.97609
1.2620  0.02414  0.97586
1.2640  0.02179  0.97821
1.2660  0.02259  0.97741
1.2680  0.02221  0.97779
1.2700  0.02026  0.97974
1.2720  0.02458  0.97542
1.2740  0.02194  0.97806
1.2760  0.02121  0.97879
1.2780  0.02119  0.97881
1.2800  0.02392  0.97608
1.2820  0.02077  0.97923
1.2840  0.02152  0.97848
1.2860  0.01993  0.98007
1.2880  0.02043  0.97957
1.2900  0.02311  0.97689
1.2920  0.02258  0.97742
1.2940  0.01993  0.98007
1.2960  0.02220  0.97780
1.2980  0.02029  0.97971
1.3000  0.02023  0.97977
1.3020  0.02208  0.97792
1.3040  0.02035  0.97965
1.3060  0.01881  0.98119
1.3080  0.02544  0.97456
1.3100  0.01971  0.98029
1.3120  0.01963  0.98037
1.3140  0.01961  0.98039
1.3160  0.02109  0.97891
1.3180  0.01857  0.98143
1.3200  0.02278  0.97722
1.3220  0.02196  0.97804
1.3240  0.01893  0.98107
1.3260  0.02205  0.97795
1.3280  0.02091  0.97909
1.3300  0.02234  0.97766
1.3320  0.02313  0.97687
1.3340  0.02213  0.97787
1.3360  0.02144  0.97856
1.3380  0.01859  0.98141
1.3400  0.02466  0.97534
1.3420  0.02104  0.97896
1.3440  0.02194  0.97806
1.3460  0.01845  0.98155
1.3480  0.01955  0.98045
1.3500  0.02341  0.97659
1.3520  0.02306  0.97694
1.3540  0.02196  0.97804
1.3560  0.02527  0.97473
1.3580  0.01927  0.98073
1.3600  0.02184  0.97816
1.3620  0.01942  0.98058
1.3640  0.02976  0.97024
1.3660  0.02697  0.97303
1.3680  0.02019  0.97981
1.3700  0.02862  0.97138
1.3720  0.03091  0.96909
1.3740  0.02642  0.97358
1.3760  0.02691  0.97309
1.3780  0.02880  0.97120
1.3800  0.02005  0.97995
1.3820  0.02427  0.97573
1.3840  0.02642  0.97358
1.3860  0.02059  0.97941
1.3880  0.02173  0.97827
1.3900  0.02753  0.97247
1.3920  0.02253  0.97747
1.3940  0.02748  0.97252
1.3960  0.01987  0.98013
1.3980  0.02677  0.97323
1.4000  0.02353  0.97647
1.4020  0.02522  0.97478
1.4040  0.02197  0.97803
1.4060  0.02490  0.97510
1.4080  0.02898  0.97102
1.4100  0.03323  0.96677
1.4120  0.02774  0.97226
1.4140  0.03529  0.96471
1.4160  0.03066  0.96934
1.4180  0.03080  0.96920
1.4200  0.03596  0.96404
1.4220  0.03432  0.96568
1.4240  0.03438  0.96562
1.4260  0.03015  0.96985
1.4280  0.03583  0.96417
1.4300  0.03503  0.96497
1.4320  0.03633  0.96367
1.4340  0.02531  0.97469
1.4360  0.04087  0.95913
1.4380  0.03586  0.96414
1.4400  0.02934  0.97066
1.4420  0.04026  0.95974
1.4440  0.05277  0.94723
1.4460  0.03809  0.96191
1.4480  0.03961  0.96039
1.4500  0.04184  0.95816
1.4520  0.04607  0.95393
1.4540  0.03459  0.96541
1.4560  0.03684  0.96316
1.4580  0.04145  0.95855
1.4600  0.02873  0.97127
1.4620  0.05491  0.94509
1.4640  0.06048  0.93952
1.4660  0.06498  0.93502
1.4680  0.04080  0.95920
1.4700  0.05084  0.94916
1.4720  0.03955  0.96045
1.4740  0.04840  0.95160
1.4760  0.05743  0.94257
1.4780  0.04477  0.95523
1.4800  0.06282  0.93718
1.4820  0.06827  0.93173
1.4840  0.05137  0.94863
1.4860  0.05525  0.94475
1.4880  0.06589  0.93411
1.4900  0.05088  0.94912
1.4920  0.04492  0.95508
1.4940  0.05394  0.94606
1.4960  0.05322  0.94678
1.4980  0.05692  0.94308
1.5000  0.05944  0.94056
1.5020  0.06935  0.93065
1.5040  0.05659  0.94341
1.5060  0.05538  0.94462
1.5080  0.05860  0.94140
1.5100  0.05999  0.94001
1.5120  0.05731  0.94269
1.5140  0.07199  0.92801
1.5160  0.04791  0.95209
1.5180  0.05270  0.94730
1.5200  0.07065  0.92935
1.5220  0.06929  0.93071
1.5240  0.07563  0.92437
1.5260  0.08841  0.91159
1.5280  0.07232  0.92768
1.5300  0.05530  0.94470
1.5320  0.08285  0.91715
1.5340  0.07733  0.92267
1.5360  0.09739  0.90261
1.5380  0.08745  0.91255
1.5400  0.07411  0.92589
1.5420  0.08272  0.91728
1.5440  0.08577  0.91423
1.5460  0.08719  0.91281
1.5480  0.09447  0.90553
1.5500  0.09147  0.90853
1.5520  0.09255  0.90745
1.5540  0.09729  0.90271
1.5560  0.08834  0.91166
1.5580  0.08407  0.91593
1.5600  0.09444  0.90556
1.5620  0.07915  0.92085
1.5640  0.10301  0.89699
1.5660  0.09853  0.90147
1.5680  0.11327  0.88673
1.5700  0.10745  0.89255
1.5720  0.09680  0.90320
1.5740  0.10216  0.89784
1.5760  0.09193  0.90807
1.5780  0.11422  0.88578
1.5800  0.11842  0.88158
1.5820  0.13550  0.86450
1.5840  0.08956  0.91044
1.5860  0.09770  0.90230
1.5880  0.12124  0.87876
1.5900  0.09564  0.90436
1.5920  0.10950  0.89050
1.5940  0.12456  0.87544
1.5960  0.12461  0.87539
1.5980  0.10725  0.89275
1.6000  0.14007  0.85993
1.6020  0.10562  0.89438
1.6040  0.12946  0.87054
1.6060  0.11427  0.88573
1.6080  0.11405  0.88595
1.6100  0.12099  0.87901
1.6120  0.14793  0.85207
1.6140  0.13768  0.86232
1.6160  0.16075  0.83925
1.6180  0.15307  0.84693
1.6200  0.14821  0.85179
1.6220  0.14066  0.85934
1.6240  0.14686  0.85314
1.6260  0.13675  0.86325
1.6280  0.14223  0.85777
1.6300  0.11867  0.88133
1.6320  0.12857  0.87143
1.6340  0.15979  0.84021
1.6360  0.15292  0.84708
1.6380  0.14689  0.85311
1.6400  0.15631  0.84369
1.6420  0.16918  0.83082
1.6440  0.14455  0.85545
1.6460  0.17357  0.82643
1.6480  0.15032  0.84968
1.6500  0.14637  0.85363
1.6520  0.17234  0.82766
1.6540  0.16631  0.83369
1.6560  0.14751  0.85249
1.6580  0.16187  0.83813
1.6600  0.19051  0.80949
1.6620  0.17247  0.82753
1.6640  0.16638  0.83362
1.6660  0.16668  0.83332
1.6680  0.18150  0.81850
1.6700  0.18042  0.81958
1.6720  0.17032  0.82968
1.6740  0.18144  0.81856
1.6760  0.16059  0.83941
1.6780  0.15712  0.84288
1.6800  0.16237  0.83763
1.6820  0.17690  0.82310
1.6840  0.17730  0.82270
1.6860  0.18706  0.81294
1.6880  0.18776  0.81224
1.6900  0.17835  0.82165
1.6920  0.20409  0.79591
1.6940  0.18467  0.81533
1.6960  0.22108  0.77892
1.6980  0.19637  0.80363
1.7000  0.18489  0.81511
1.7020  0.17637  0.82363
1.7040  0.19037  0.80963
1.7060  0.19189  0.80811
1.7080  0.19661  0.80339
1.7100  0.22600  0.77400
1.7120  0.21628  0.78372
1.7140  0.22194  0.77806
1.7160  0.19808  0.80192
1.7180  0.22016  0.77984
1.7200  0.22580  0.77420
1.7220  0.19628  0.80372
1.7240  0.20746  0.79254
1.7260  0.20754  0.79246
1.7280  0.21056  0.78944
1.7300  0.21864  0.78136
1.7320  0.21762  0.78238
1.7340  0.19293  0.80707
1.7360  0.22858  0.77142
1.7380  0.20247  0.79753
1.7400  0.24851  0.75149
1.7420  0.22581  0.77419
1.7440  0.23266  0.76734
1.7460  0.23814  0.76186
1.7480  0.22812  0.77188
1.7500  0.24440  0.75560
1.7520  0.22717  0.77283
1.7540  0.22815  0.77185
1.7560  0.21942  0.78058
1.7580  0.23976  0.76024
1.7600  0.23827  0.76173
1.7620  0.24658  0.75342
1.7640  0.23404  0.76596
1.7660  0.24257  0.75743
1.7680  0.24728  0.75272
1.7700  0.26786  0.73214
1.7720  0.25237  0.74763
1.7740  0.26076  0.73924
1.7760  0.22737  0.77263
1.7780  0.25888  0.74112
1.7800  0.27103  0.72897
1.7820  0.25548  0.74452
1.7840  0.26757  0.73243
1.7860  0.24937  0.75063
1.7880  0.24177  0.75823
1.7900  0.26044  0.73956
1.7920  0.26381  0.73619
1.7940  0.25728  0.74272
1.7960  0.27038  0.72962
1.7980  0.26488  0.73512
1.8000  0.26884  0.73116
1.8020  0.24683  0.75317
1.8040  0.27372  0.72628
1.8060  0.27577  0.72423
1.8080  0.25892  0.74108
1.8100  0.26978  0.73022
1.8120  0.25883  0.74117
1.8140  0.28128  0.71872
1.8160  0.27584  0.72416
1.8180  0.27762  0.72238
1.8200  0.25721  0.74279
1.8220  0.25031  0.74969
1.8240  0.27833  0.72167
1.8260  0.28009  0.71991
1.8280  0.27582  0.72418
1.8300  0.27403  0.72597
1.8320  0.30275  0.69725
1.8340  0.27395  0.72605
1.8360  0.28467  0.71533
1.8380  0.29259  0.70741
1.8400  0.28829  0.71171
1.8420  0.28667  0.71333
1.8440  0.28871  0.71129
1.8460  0.28510  0.71490
1.8480  0.28987  0.71013
1.8500  0.28595  0.71405
1.8520  0.30325  0.69675
1.8540  0.29399  0.70601
1.8560  0.29724  0.70276
1.8580  0.29865  0.70135
1.8600  0.27744  0.72256
1.8620  0.28374  0.71626
1.8640  0.28827  0.71173
1.8660  0.30165  0.69835
1.8680  0.30764  0.69236
1.8700  0.29215  0.70785
1.8720  0.28695  0.71305
1.8740  0.29228  0.70772
1.8760  0.30114  0.69886
1.8780  0.29294  0.70706
1.8800  0.32203  0.67797
1.8820  0.28161  0.71839
1.8840  0.31426  0.68574
1.8860  0.29855  0.70145
1.8880  0.31081  0.68919
1.8900  0.30876  0.69124
1.8920  0.31152  0.68848
1.8940  0.31338  0.68662
1.8960  0.30959  0.69041
1.8980  0.31470  0.68530
1.9000  0.30625  0.69375
1.9020  0.32976  0.67024
1.9040  0.32623  0.67377
1.9060  0.31430  0.68570
1.9080  0.31241  0.68759
1.9100  0.31904  0.68096
1.9120  0.30715  0.69285
1.9140  0.32633  0.67367
1.9160  0.33593  0.66407
1.9180  0.34129  0.65871
1.9200  0.31410  0.68590
1.9220  0.31129  0.68871
1.9240  0.31579  0.68421
1.9260  0.32312  0.67688
1.9280  0.33131  0.66869
1.9300  0.33204  0.66796
1.9320  0.31727  0.68273
1.9340  0.34920  0.65080
1.9360  0.32697  0.67303
1.9380  0.32675  0.67325
1.9400  0.33332  0.66668
1.9420  0.30345  0.69655
1.9440  0.34185  0.65815
1.9460  0.34200  0.65800
1.9480  0.32537  0.67463
1.9500  0.33666  0.66334
1.9520  0.33402  0.66598
1.9540  0.32489  0.67511
1.9560  0.32725  0.67275
1.9580  0.32794  0.67206
1.9600  0.32424  0.67576
1.9620  0.34688  0.65312
1.9640  0.34189  0.65811
1.9660  0.32524  0.67476
1.9680  0.34662  0.65338
1.9700  0.34801  0.65199
1.9720  0.33358  0.66642
1.9740  0.32897  0.67103
1.9760  0.33829  0.66171
1.9780  0.32439  0.67561
1.9800  0.32889  0.67111
1.9820  0.34303  0.65697
1.9840  0.33920  0.66080
1.9860  0.34412  0.65588
1.9880  0.34662  0.65338
1.9900  0.33075  0.66925
1.9920  0.34925  0.65075
1.9940  0.35161  0.64839
1.9960  0.34894  0.65106
1.9980  0.34414  0.65586
2.0000  0.35444  0.64556