0.0000  0.66544  0.33456
0.0020  0.66692  0.33308
0.0040  0.66601  0.33399
0.0060  0.66492  0.33508
0.0080  0.66539  0.33461
0.0100  0.66509  0.33491
0.0120  0.66291  0.33709
0.0140  0.66413  0.33587
0.0160  0.66316  0.33684
0.0180  0.66357  0.33643
0.0200  0.66303  0.33697
0.0220  0.66167  0.33833
0.0240  0.66127  0.33873
0.0260  0.66030  0.33970
0.0280  0.66084  0.33916
0.0300  0.66004  0.33996
0.0320  0.66035  0.33965
0.0340  0.65889  0.34111
0.0360  0.65931  0.34069
0.0380  0.65812  0.34188
0.0400  0.65745  0.34255
0.0420  0.65697  0.34303
0.0440  0.65629  0.34371
0.0460  0.65621  0.34379
0.0480  0.65512  0.34488
0.0500  0.65538  0.34462
0.0520  0.65442  0.34558
0.0540  0.65463  0.34537
0.0560  0.65447  0.34553
0.0580  0.65311  0.34689
0.0600  0.65298  0.34702
0.0620  0.65234  0.34766
0.0640  0.65322  0.34678
0.0660  0.65133  0.34867
0.0680  0.65180  0.34820
0.0700  0.65068  0.34932
0.0720  0.65013  0.34987
0.0740  0.64914  0.35086
0.0760  0.64983  0.35017
0.0780  0.64907  0.35093
0.0800  0.64814  0.35186
0.0820  0.64796  0.35204
0.0840  0.64768  0.35232
0.0860  0.64667  0.35333
0.0880  0.64616  0.35384
0.0900  0.64721  0.35279
0.0920  0.64607  0.35393
0.0940  0.64530  0.35470
0.0960  0.64476  0.35524
0.0980  0.64545  0.35455
0.1000  0.64439  0.35561
0.1020  0.64294  0.35706
0.1040  0.64247  0.35753
0.1060  0.64244  0.35756
0.1080  0.64168  0.35832
0.1100  0.64133  0.35867
0.1120  0.64021  0.35979
0.1140  0.64078  0.35922
0.1160  0.63892  0.36108
0.1180  0.63938  0.36062
0.1200  0.63947  0.36053
0.1220  0.63970  0.36030
0.1240  0.63783  0.36217
0.1260  0.63804  0.36196
0.1280  0.63741  0.36259
0.1300  0.63628  0.36372
0.1320  0.63682  0.36318
0.1340  0.63699  0.36301
0.1360  0.63491  0.36509
0.1380  0.63580  0.36420
0.1400  0.63412  0.36588
0.1420  0.63519  0.36481
0.1440  0.63306  0.36694
0.1460  0.63312  0.36688
0.1480  0.63264  0.36736
0.1500  0.63277  0.36723
0.1520  0.63125  0.36875
0.1540  0.63166  0.36834
0.1560  0.63147  0.36853
0.1580  0.63001  0.36999
0.1600  0.63040  0.36960
0.1620  0.62988  0.37012
0.1640  0.62842  0.37158
0.1660  0.62891  0.37109
0.1680  0.62765  0.37235
0.1700  0.62684  0.37316
0.1720  0.62709  0.37291
0.1740  0.62628  0.37372
0.1760  0.62537  0.37463
0.1780  0.62574  0.37426
0.1800  0.62558  0.37442
0.1820  0.62341  0.37659
0.1840  0.62541  0.37459
0.1860  0.62506  0.37494
0.1880  0.62345  0.37655
0.1900  0.62205  0.37795
0.1920  0.62295  0.37705
0.1940  0.62153  0.37847
0.1960  0.62009  0.37991
0.1980  0.62181  0.37819
0.2000  0.62085  0.37915
0.2020  0.62091  0.37909
0.2040  0.61934  0.38066
0.2060  0.61955  0.38045
0.2080  0.61887  0.38113
0.2100  0.61772  0.38228
0.2120  0.61746  0.38254
0.2140  0.61817  0.38183
0.2160  0.61760  0.38240
0.2180  0.61649  0.38351
0.2200  0.61529  0.38471
0.2220  0.61479  0.38521
0.2240  0.61415  0.38585
0.2260  0.61321  0.38679
0.2280  0.61327  0.38673
0.2300  0.61214  0.38786
0.2320  0.61238  0.38762
0.2340  0.61140  0.38860
0.2360  0.61227  0.38773
0.2380  0.61083  0.38917
0.2400  0.61038  0.38962
0.2420  0.61084  0.38916
0.2440  0.61050  0.38950
0.2460  0.60974  0.39026
0.2480  0.60773  0.39227
0.2500  0.60793  0.39207
0.2520  0.60763  0.39237
0.2540  0.60732  0.39268
0.2560  0.60509  0.39491
0.2580  0.60727  0.39273
0.2600  0.60520  0.39480
0.2620  0.60499  0.39501
0.2640  0.60422  0.39578
0.2660  0.60614  0.39386
0.2680  0.60388  0.39612
0.2700  0.60284  0.39716
0.2720  0.60168  0.39832
0.2740  0.59992  0.40008
0.2760  0.60234  0.39766
0.2780  0.60071  0.39929
0.2800  0.60092  0.39908
0.2820  0.59938  0.40062
0.2840  0.59949  0.40051
0.2860  0.59980  0.40020
0.2880  0.59822  0.40178
0.2900  0.59721  0.40279
0.2920  0.59804  0.40196
0.2940  0.59644  0.40356
0.2960  0.59662  0.40338
0.2980  0.59603  0.40397
0.3000  0.59677  0.40323
0.3020  0.59470  0.40530
0.3040  0.59448  0.40552
0.3060  0.59465  0.40535
0.3080  0.59373  0.40627
0.3100  0.59388  0.40613
0.3120  0.59176  0.40824
0.3140  0.59295  0.40705
0.3160  0.59131  0.40869
0.3180  0.58973  0.41027
0.3200  0.59046  0.40954
0.3220  0.58913  0.41087
0.3240  0.58789  0.41211
0.3260  0.58841  0.41159
0.3280  0.58811  0.41189
0.3300  0.58858  0.41142
0.3320  0.58616  0.41384
0.3340  0.58774  0.41226
0.3360  0.58589  0.41411
0.3380  0.58553  0.41447
0.3400  0.58511  0.41489
0.3420  0.58325  0.41675
0.3440  0.58334  0.41666
0.3460  0.58421  0.41579
0.3480  0.58174  0.41826
0.3500  0.58208  0.41792
0.3520  0.58110  0.41890
0.3540  0.58154  0.41846
0.3560  0.58136  0.41864
0.3580  0.57933  0.42067
0.3600  0.57986  0.42014
0.3620  0.57963  0.42037
0.3640  0.57981  0.42019
0.3660  0.57933  0.42067
0.3680  0.57772  0.42228
0.3700  0.57798  0.42202
0.3720  0.57560  0.42440
0.3740  0.57599  0.42401
0.3760  0.57508  0.42492
0.3780  0.57377  0.42623
0.3800  0.57305  0.42695
0.3820  0.57328  0.42672
0.3840  0.57165  0.42835
0.3860  0.57267  0.42733
0.3880  0.57287  0.42713
0.3900  0.57089  0.42911
0.3920  0.57087  0.42913
0.3940  0.56994  0.43006
0.3960  0.56920  0.43080
0.3980  0.56745  0.43255
0.4000  0.56896  0.43104
0.4020  0.56801  0.43199
0.4040  0.56696  0.43304
0.4060  0.56695  0.43305
0.4080  0.56591  0.43409
0.4100  0.56449  0.43551
0.4120  0.56494  0.43506
0.4140  0.56418  0.43582
0.4160  0.56382  0.43618
0.4180  0.56361  0.43639
0.4200  0.56387  0.43613
0.4220  0.56271  0.43729
0.4240  0.56056  0.43944
0.4260  0.56094  0.43906
0.4280  0.56055  0.43945
0.4300  0.56032  0.43968
0.4320  0.56019  0.43981
0.4340  0.55823  0.44177
0.4360  0.55885  0.44115
0.4380  0.55760  0.44240
0.4400  0.55690  0.44310
0.4420  0.55659  0.44341
0.4440  0.55586  0.44414
0.4460  0.55503  0.44497
0.4480  0.55533  0.44467
0.4500  0.55516  0.44484
0.4520  0.55283  0.44717
0.4540  0.55302  0.44698
0.4560  0.55180  0.44820
0.4580  0.55224  0.44776
0.4600  0.55225  0.44775
0.4620  0.55173  0.44827
0.4640  0.54983  0.45017
0.4660  0.54834  0.45166
0.4680  0.54934  0.45066
0.4700  0.54754  0.45246
0.4720  0.54709  0.45291
0.4740  0.54456  0.45544
0.4760  0.54632  0.45368
0.4780  0.54612  0.45388
0.4800  0.54398  0.45602
0.4820  0.54471  0.45529
0.4840  0.54299  0.45701
0.4860  0.54424  0.45576
0.4880  0.54269  0.45731
0.4900  0.54168  0.45832
0.4920  0.53963  0.46037
0.4940  0.54246  0.45754
0.4960  0.54007  0.45993
0.4980  0.53862  0.46138
0.5000  0.53846  0.46154
0.5020  0.53624  0.46376
0.5040  0.53741  0.46259
0.5060  0.53693  0.46307
0.5080  0.53596  0.46404
0.5100  0.53529  0.46471
0.5120  0.53380  0.46620
0.5140  0.53420  0.46580
0.5160  0.53341  0.46659
0.5180  0.53432  0.46568
0.5200  0.53184  0.46816
0.5220  0.53251  0.46749
0.5240  0.53058  0.46942
0.5260  0.53173  0.46827
0.5280  0.52949  0.47051
0.5300  0.52976  0.47024
0.5320  0.52767  0.47233
0.5340  0.52803  0.47197
0.5360  0.52656  0.47344
0.5380  0.52600  0.47400
0.5400  0.52711  0.47289
0.5420  0.52451  0.47549
0.5440  0.52532  0.47468
0.5460  0.52338  0.47662
0.5480  0.52270  0.47730
0.5500  0.52303  0.47697
0.5520  0.52049  0.47951
0.5540  0.52079  0.47921
0.5560  0.52044  0.47956
0.5580  0.51993  0.48007
0.5600  0.51859  0.48141
0.5620  0.51824  0.48176
0.5640  0.51751  0.48249
0.5660  0.51813  0.48187
0.5680  0.51657  0.48343
0.5700  0.51638  0.48362
0.5720  0.51614  0.48386
0.5740  0.51484  0.48516
0.5760  0.51343  0.48657
0.5780  0.51428  0.48572
0.5800  0.51285  0.48715
0.5820  0.51213  0.48787
0.5840  0.51097  0.48903
0.5860  0.51133  0.48867
0.5880  0.50965  0.49035
0.5900  0.50998  0.49002
0.5920  0.50775  0.49225
0.5940  0.50807  0.49193
0.5960  0.50576  0.49424
0.5980  0.50524  0.49476
0.6000  0.50614  0.49386
0.6020  0.50447  0.49553
0.6040  0.50542  0.49458
0.6060  0.50308  0.49692
0.6080  0.50269  0.49731
0.6100  0.50157  0.49843
0.6120  0.50085  0.49915
0.6140  0.50030  0.49970
0.6160  0.50046  0.49954
0.6180  0.49789  0.50211
0.6200  0.49851  0.50149
0.6220  0.49809  0.50191
0.6240  0.49768  0.50232
0.6260  0.49597  0.50403
0.6280  0.49591  0.50409
0.6300  0.49320  0.50680
0.6320  0.49208  0.50792
0.6340  0.49360  0.50640
0.6360  0.49327  0.50673
0.6380  0.48988  0.51012
0.6400  0.49171  0.50829
0.6420  0.49049  0.50951
0.6440  0.48864  0.51136
0.6460  0.48643  0.51357
0.6480  0.48731  0.51269
0.6500  0.48704  0.51296
0.6520  0.48544  0.51456
0.6540  0.48460  0.51540
0.6560  0.48432  0.51568
0.6580  0.48411  0.51589
0.6600  0.48324  0.51676
0.6620  0.48266  0.51734
0.6640  0.48157  0.51843
0.6660  0.47891  0.52109
0.6680  0.47994  0.52006
0.6700  0.47887  0.52113
0.6720  0.47846  0.52154
0.6740  0.47742  0.52258
0.6760  0.47693  0.52307
0.6780  0.47617  0.52383
0.6800  0.47572  0.52428
0.6820  0.47278  0.52722
0.6840  0.47299  0.52701
0.6860  0.47206  0.52794
0.6880  0.47060  0.52940
0.6900  0.47141  0.52859
0.6920  0.46957  0.53043
0.6940  0.46863  0.53137
0.6960  0.46862  0.53138
0.6980  0.46651  0.53349
0.7000  0.46543  0.53457
0.7020  0.46552  0.53448
0.7040  0.46585  0.53415
0.7060  0.46352  0.53648
0.7080  0.46301  0.53699
0.7100  0.46252  0.53748
0.7120  0.46128  0.53872
0.7140  0.46129  0.53871
0.7160  0.45996  0.54004
0.7180  0.45936  0.54064
0.7200  0.45625  0.54375
0.7220  0.45683  0.54317
0.7240  0.45552  0.54448
0.7260  0.45572  0.54428
0.7280  0.45405  0.54595
0.7300  0.45493  0.54507
0.7320  0.45130  0.54870
0.7340  0.45202  0.54798
0.7360  0.45150  0.54850
0.7380  0.44892  0.55108
0.7400  0.44969  0.55031
0.7420  0.44935  0.55065
0.7440  0.44708  0.55292
0.7460  0.44804  0.55196
0.7480  0.44440  0.55560
0.7500  0.44392  0.55608
0.7520  0.44404  0.55596
0.7540  0.44295  0.55705
0.7560  0.44111  0.55889
0.7580  0.44306  0.55694
0.7600  0.43948  0.56052
0.7620  0.43993  0.56007
0.7640  0.43759  0.56241
0.7660  0.43662  0.56338
0.7680  0.43614  0.56386
0.7700  0.43428  0.56572
0.7720  0.43323  0.56677
0.7740  0.43112  0.56888
0.7760  0.43088  0.56912
0.7780  0.43095  0.56905
0.7800  0.42952  0.57048
0.7820  0.42894  0.57106
0.7840  0.42593  0.57407
0.7860  0.42614  0.57386
0.7880  0.42598  0.57402
0.7900  0.42518  0.57482
0.7920  0.42308  0.57692
0.7940  0.42182  0.57818
0.7960  0.42161  0.57839
0.7980  0.42100  0.57900
0.8000  0.41765  0.58235
0.8020  0.41646  0.58354
0.8040  0.41683  0.58317
0.8060  0.41567  0.58433
0.8080  0.41453  0.58547
0.8100  0.41539  0.58461
0.8120  0.41193  0.58807
0.8140  0.41240  0.58760
0.8160  0.41021  0.58979
0.8180  0.40983  0.59017
0.8200  0.40826  0.59174
0.8220  0.40721  0.59279
0.8240  0.40531  0.59469
0.8260  0.40569  0.59431
0.8280  0.40359  0.59641
0.8300  0.40211  0.59789
0.8320  0.40093  0.59907
0.8340  0.39974  0.60026
0.8360  0.39994  0.60006
0.8380  0.39714  0.60286
0.8400  0.39605  0.60395
0.8420  0.39671  0.60329
0.8440  0.39307  0.60693
0.8460  0.39301  0.60699
0.8480  0.39379  0.60621
0.8500  0.39146  0.60854
0.8520  0.39040  0.60960
0.8540  0.38721  0.61279
0.8560  0.38695  0.61305
0.8580  0.38438  0.61562
0.8600  0.38397  0.61603
0.8620  0.38225  0.61775
0.8640  0.38232  0.61768
0.8660  0.38008  0.61992
0.8680  0.37926  0.62074
0.8700  0.37663  0.62337
0.8720  0.37602  0.62398
0.8740  0.37595  0.62405
0.8760  0.37432  0.62568
0.8780  0.37261  0.62739
0.8800  0.37082  0.62918
0.8820  0.36879  0.63121
0.8840  0.36935  0.63065
0.8860  0.36640  0.63360
0.8880  0.36459  0.63541
0.8900  0.36488  0.63513
0.8920  0.36240  0.63760
0.8940  0.35985  0.64015
0.8960  0.36032  0.63968
0.8980  0.35731  0.64269
0.9000  0.35644  0.64356
0.9020  0.35477  0.64523
0.9040  0.35276  0.64724
0.9060  0.35119  0.64881
0.9080  0.35127  0.64873
0.9100  0.34877  0.65123
0.9120  0.34697  0.65303
0.9140  0.34465  0.65535
0.9160  0.34302  0.65698
0.9180  0.34293  0.65707
0.9200  0.34061  0.65939
0.9220  0.33901  0.66099
0.9240  0.33602  0.66398
0.9260  0.33557  0.66443
0.9280  0.33171  0.66829
0.9300  0.33182  0.66818
0.9320  0.32854  0.67146
0.9340  0.32713  0.67287
0.9360  0.32420  0.67580
0.9380  0.32175  0.67825
0.9400  0.32257  0.67743
0.9420  0.31932  0.68068
0.9440  0.31853  0.68147
0.9460  0.31521  0.68479
0.9480  0.31272  0.68728
0.9500  0.31143  0.68857
0.9520  0.30869  0.69131
0.9540  0.30739  0.69261
0.9560  0.30223  0.69777
0.9580  0.29999  0.70001
0.9600  0.29913  0.70087
0.9620  0.29635  0.70365
0.9640  0.29301  0.70699
0.9660  0.29041  0.70959
0.9680  0.28931  0.71069
0.9700  0.28537  0.71463
0.9720  0.28352  0.71648
0.9740  0.27900  0.72100
0.9760  0.27622  0.72378
0.9780  0.27400  0.72600
0.9800  0.26843  0.73157
0.9820  0.26391  0.73609
0.9840  0.26027  0.73973
0.9860  0.25665  0.74335
0.9880  0.25440  0.74560
0.9900  0.24730  0.75270
0.9920  0.24157  0.75843
0.9940  0.23881  0.76119
0.9960  0.23340  0.76660
0.9980  0.22858  0.77142
1.0000  0.22415  0.77585
1.0020  0.06389  0.93611
1.0040  0.06410  0.93590
1.0060  0.06202  0.93798
1.0080  0.06075  0.93925
1.0100  0.06119  0.93881
1.0120  0.06003  0.93997
1.0140  0.06021  0.93979
1.0160  0.05862  0.94137
1.0180  0.05784  0.94216
1.0200  0.05796  0.94204
1.0220  0.05718  0.94282
1.0240  0.05698  0.94302
1.0260  0.05616  0.94384
1.0280  0.05545  0.94455
1.0300  0.05432  0.94568
1.0320  0.05342  0.94658
1.0340  0.05370  0.94630
1.0360  0.05292  0.94708
1.0380  0.05454  0.94546
1.0400  0.05227  0.94773
1.0420  0.05213  0.94787
1.0440  0.05251  0.94749
1.0460  0.04990  0.95010
1.0480  0.05018  0.94982
1.0500  0.04979  0.95021
1.0520  0.04931  0.95069
1.0540  0.04830  0.95170
1.0560  0.04932  0.95068
1.0580  0.04841  0.95159
1.0600  0.04763  0.95237
1.0620  0.04760  0.95240
1.0640  0.04774  0.95226
1.0660  0.04580  0.95420
1.0680  0.04575  0.95425
1.0700  0.04463  0.95537
1.0720  0.04533  0.95467
1.0740  0.04581  0.95419
1.0760  0.04508  0.95492
1.0780  0.04288  0.95713
1.0800  0.04375  0.95625
1.0820  0.04192  0.95808
1.0840  0.04269  0.95731
1.0860  0.04196  0.95804
1.0880  0.04186  0.95814
1.0900  0.04105  0.95895
1.0920  0.04175  0.95825
1.0940  0.04166  0.95834
1.0960  0.04068  0.95932
1.0980  0.04083  0.95917
1.1000  0.04030  0.95970
1.1020  0.03909  0.96091
1.1040  0.03973  0.96027
1.1060  0.03918  0.96082
1.1080  0.03909  0.96091
1.1100  0.03821  0.96179
1.1120  0.03750  0.96250
1.1140  0.03849  0.96151
1.1160  0.03756  0.96244
1.1180  0.03707  0.96293
1.1200  0.03622  0.96378
1.1220  0.03655  0.96345
1.1240  0.03511  0.96489
1.1260  0.03522  0.96478
1.1280  0.03630  0.96370
1.1300  0.03455  0.96545
1.1320  0.03564  0.96436
1.1340  0.03500  0.96500
1.1360  0.03469  0.96531
1.1380  0.03261  0.96739
1.1400  0.03316  0.96684
1.1420  0.03433  0.96567
1.1440  0.03330  0.96670
1.1460  0.03232  0.96768
1.1480  0.03288  0.96713
1.1500  0.03246  0.96754
1.1520  0.03096  0.96904
1.1540  0.03265  0.96735
1.1560  0.03192  0.96808
1.1580  0.03098  0.96902
1.1600  0.03177  0.96823
1.1620  0.03188  0.96812
1.1640  0.03000  0.97000
1.1660  0.03058  0.96942
1.1680  0.03059  0.96941
1.1700  0.03032  0.96968
1.1720  0.02986  0.97014
1.1740  0.02934  0.97066
1.1760  0.02956  0.97044
1.1780  0.02951  0.97049
1.1800  0.02784  0.97216
1.1820  0.02873  0.97127
1.1840  0.02799  0.97201
1.1860  0.02909  0.97091
1.1880  0.02987  0.97013
1.1900  0.02851  0.97149
1.1920  0.02779  0.97221
1.1940  0.02604  0.97396
1.1960  0.02658  0.97342
1.1980  0.02695  0.97305
1.2000  0.02825  0.97175
1.2020  0.02716  0.97284
1.2040  0.02869  0.97131
1.2060  0.02582  0.97418
1.2080  0.02700  0.97300
1.2100  0.02810  0.97190
1.2120  0.02743  0.97257
1.2140  0.02615  0.97385
1.2160  0.02621  0.97379
1.2180  0.02520  0.97480
1.2200  0.02562  0.97437
1.2220  0.02607  0.97393
1.2240  0.02438  0.97562
1.2260  0.02572  0.97428
1.2280  0.02455  0.97545
1.2300  0.02493  0.97507
1.2320  0.02517  0.97483
1.2340  0.02394  0.97606
1.2360  0.02348  0.97652
1.2380  0.02357  0.97643
1.2400  0.02361  0.97639
1.2420  0.02413  0.97587
1.2440  0.02399  0.97601
1.2460  0.02364  0.97636
1.2480  0.02348  0.97652
1.2500  0.02433  0.97567
1.2520  0.02387  0.97613
1.2540  0.02433  0.97567
1.2560  0.02318  0.97682
1.2580  0.02341  0.97659
1.2600  0.02391  0.97609
1.2620  0.02414  0.97586
1.2640  0.02179  0.97821
1.2660  0.02259  0.97741
1.2680  0.02221  0.97779
1.2700  0.02026  0.97974
1.2720  0.02458  0.97542
1.2740  0.02194  0.97806
1.2760  0.02121  0.97879
1.2780  0.02119  0.97881
1.2800  0.02392  0.97608
1.2820  0.02077  0.97923
1.2840  0.02152  0.97848
1.2860  0.01993  0.98007
1.2880  0.02043  0.97957
1.2900  0.02311  0.97689
1.2920  0.02258  0.97742
1.2940  0.01993  0.98007
1.2960  0.02220  0.97780
1.2980  0.02029  0.97971
1.3000  0.02023  0.97977
1.3020  0.02208  0.97792
1.3040  0.02035  0.97965
1.3060  0.01881  0.98119
1.3080  0.02544  0.97456
1.3100  0.01971  0.98029
1.3120  0.01963  0.98037
1.3140  0.01961  0.98039
1.3160  0.02109  0.97891
1.3180  0.01857  0.98143
1.3200  0.02278  0.97722
1.3220  0.02196  0.97804
1.3240  0.01893  0.98107
1.3260  0.02205  0.97795
1.3280  0.02091  0.97909
1.3300  0.02234  0.97766
1.3320  0.02313  0.97687
1.3340  0.02213  0.97787
1.3360  0.02144  0.97856
1.3380  0.01859  0.98141
1.3400  0.02466  0.97534
1.3420  0.02104  0.97896
1.3440  0.02194  0.97806
1.3460  0.01845  0.98155
1.3480  0.01955  0.98045
1.3500  0.02341  0.97659
1.3520  0.02306  0.97694
1.3540  0.02196  0.97804
1.3560  0.02527  0.97473
1.3580  0.01927  0.98073
1.3600  0.02184  0.97816
1.3620  0.01942  0.98058
1.3640  0.02976  0.97024
1.3660  0.02697  0.97303
1.3680  0.02019  0.97981
1.3700  0.02862  0.97138
1.3720  0.03091  0.96909
1.3740  0.02642  0.97358
1.3760  0.02691  0.97309
1.3780  0.02880  0.97120
1.3800  0.02005  0.97995
1.3820  0.02427  0.97573
1.3840  0.02642  0.97358
1.3860  0.02059  0.97941
1.3880  0.02173  0.97827
1.3900  0.02753  0.97247
1.3920  0.02253  0.97747
1.3940  0.02748  0.97252
1.3960  0.01987  0.98013
1.3980  0.02677  0.97323
1.4000  0.02353  0.97647
1.4020  0.02522  0.97478
1.4040  0.02197  0.97803
1.4060  0.02490  0.97510
1.4080  0.02898  0.97102
1.4100  0.03323  0.96677
1.4120  0.02774  0.97226
1.4140  0.03529  0.96471
1.4160  0.03066  0.96934
1.4180  0.03080  0.96920
1.4200  0.03596  0.96404
1.4220  0.03432  0.96568
1.4240  0.03438  0.96562
1.4260  0.03015  0.96985
1.4280  0.03583  0.96417
1.4300  0.03503  0.96497
1.4320  0.03633  0.96367
1.4340  0.02531  0.97469
1.4360  0.04087  0.95913
1.4380  0.03586  0.96414
1.4400  0.02934  0.97066
1.4420  0.04026  0.95974
1.4440  0.05277  0.94723
1.4460  0.03809  0.96191
1.4480  0.03961  0.96039
1.4500  0.04184  0.95816
1.4520  0.04607  0.95393
1.4540  0.03459  0.96541
1.4560  0.03684  0.96316
1.4580  0.04145  0.95855
1.4600  0.02873  0.97127
1.4620  0.05491  0.94509
1.4640  0.06048  0.93952
1.4660  0.06498  0.93502
1.4680  0.04080  0.95920
1.4700  0.05084  0.94916
1.4720  0.03955  0.96045
1.4740  0.04840  0.95160
1.4760  0.05743  0.94257
1.4780  0.04477  0.95523
1.4800  0.06282  0.93718
1.4820  0.06827  0.93173
1.4840  0.05137  0.94863
1.4860  0.05525  0.94475
1.4880  0.06589  0.93411
1.4900  0.05088  0.94912
1.4920  0.04492  0.95508
1.4940  0.05394  0.94606
1.4960  0.05322  0.94678
1.4980  0.05692  0.94308
1.5000  0.05944  0.94056
1.5020  0.06935  0.93065
1.5040  0.05659  0.94341
1.5060  0.05538  0.94462
1.5080  0.05860  0.94140
1.5100  0.05999  0.94001
1.5120  0.05731  0.94269
1.5140  0.07199  0.92801
1.5160  0.04791  0.95209
1.5180  0.05270  0.94730
1.5200  0.07065  0.92935
1.5220  0.06929  0.93071
1.5240  0.07563  0.92437
1.5260  0.08841  0.91159
1.5280  0.07232  0.92768
1.5300  0.05530  0.94470
1.5320  0.08285  0.91715
1.5340  0.07733  0.92267
1.5360  0.09739  0.90261
1.5380  0.08745  0.91255
1.5400  0.07411  0.92589
1.5420  0.08272  0.91728
1.5440  0.08577  0.91423
1.5460  0.08719  0.91281
1.5480  0.09447  0.90553
1.5500  0.09147  0.90853
1.5520  0.09255  0.90745
1.5540  0.09729  0.90271
1.5560  0.08834  0.91166
1.5580  0.08407  0.91593
1.5600  0.09444  0.90556
1.5620  0.07915  0.92085
1.5640  0.10301  0.89699
1.5660  0.09853  0.90147
1.5680  0.11327  0.88673
1.5700  0.10745  0.89255
1.5720  0.09680  0.90320
1.5740  0.10216  0.89784
1.5760  0.09193  0.90807
1.5780  0.11422  0.88578
1.5800  0.11842  0.88158
1.5820  0.13550  0.86450
1.5840  0.08956  0.91044
1.5860  0.09770  0.90230
1.5880  0.12124  0.87876
1.5900  0.09564  0.90436
1.5920  0.10950  0.89050
1.5940  0.12456  0.87544
1.5960  0.12461  0.87539
1.5980  0.10725  0.89275
1.6000  0.14007  0.85993
1.6020  0.10562  0.89438
1.6040  0.12946  0.87054
1.6060  0.11427  0.88573
1.6080  0.11405  0.88595
1.6100  0.12099  0.87901
1.6120  0.14793  0.85207
1.6140  0.13768  0.86232
1.6160  0.16075  0.83925
1.6180  0.15307  0.84693
1.6200  0.14821  0.85179
1.6220  0.14066  0.85934
1.6240  0.14686  0.85314
1.6260  0.13675  0.86325
1.6280  0.14223  0.85777
1.6300  0.11867  0.88133
1.6320  0.12857  0.87143
1.6340  0.15979  0.84021
1.6360  0.15292  0.84708
1.6380  0.14689  0.85311
1.6400  0.15631  0.84369
1.6420  0.16918  0.83082
1.6440  0.14455  0.85545
1.6460  0.17357  0.82643
1.6480  0.15032  0.84968
1.6500  0.14637  0.85363
1.6520  0.17234  0.82766
1.6540  0.16631  0.83369
1.6560  0.14751  0.85249
1.6580  0.16187  0.83813
1.6600  0.19051  0.80949
1.6620  0.17247  0.82753
1.6640  0.16638  0.83362
1.6660  0.16668  0.83332
1.6680  0.18150  0.81850
1.6700  0.18042  0.81958
1.6720  0.17032  0.82968
1.6740  0.18144  0.81856
1.6760  0.16059  0.83941
1.6780  0.15712  0.84288
1.6800  0.16237  0.83763
1.6820  0.17690  0.82310
1.6840  0.17730  0.82270
1.6860  0.18706  0.81294
1.6880  0.18776  0.81224
1.6900  0.17835  0.82165
1.6920  0.20409  0.79591
1.6940  0.18467  0.81533
1.6960  0.22108  0.77892
1.6980  0.19637  0.80363
1.7000  0.18489  0.81511
1.7020  0.17637  0.82363
1.7040  0.19037  0.80963
1.7060  0.19189  0.80811
1.7080  0.19661  0.80339
1.7100  0.22600  0.77400
1.7120  0.21628  0.78372
1.7140  0.22194  0.77806
1.7160  0.19808  0.80192
1.7180  0.22016  0.77984
1.7200  0.22580  0.77420
1.7220  0.19628  0.80372
1.7240  0.20746  0.79254
1.7260  0.20754  0.79246
1.7280  0.21056  0.78944
1.7300  0.21864  0.78136
1.7320  0.21762  0.78238
1.7340  0.19293  0.80707
1.7360  0.22858  0.77142
1.7380  0.20247  0.79753
1.7400  0.24851  0.75149
1.7420  0.22581  0.77419
1.7440  0.23266  0.76734
1.7460  0.23814  0.76186
1.7480  0.22812  0.77188
1.7500  0.24440  0.75560
1.7520  0.22717  0.77283
1.7540  0.22815  0.77185
1.7560  0.21942  0.78058
1.7580  0.23976  0.76024
1.7600  0.23827  0.76173
1.7620  0.24658  0.75342
1.7640  0.23404  0.76596
1.7660  0.24257  0.75743
1.7680  0.24728  0.75272
1.7700  0.26786  0.73214
1.7720  0.25237  0.74763
1.7740  0.26076  0.73924
1.7760  0.22737  0.77263
1.7780  0.25888  0.74112
1.7800  0.27103  0.72897
1.7820  0.25548  0.74452
1.7840  0.26757  0.73243
1.7860  0.24937  0.75063
1.7880  0.24177  0.75823
1.7900  0.26044  0.73956
1.7920  0.26381  0.73619
1.7940  0.25728  0.74272
1.7960  0.27038  0.72962
1.7980  0.26488  0.73512
1.8000  0.26884  0.73116
1.8020  0.24683  0.75317
1.8040  0.27372  0.72628
1.8060  0.27577  0.72423
1.8080  0.25892  0.74108
1.8100  0.26978  0.73022
1.8120  0.25883  0.74117
1.8140  0.28128  0.71872
1.8160  0.27584  0.72416
1.8180  0.27762  0.72238
1.8200  0.25721  0.74279
1.8220  0.25031  0.74969
1.8240  0.27833  0.72167
1.8260  0.28009  0.71991
1.8280  0.27582  0.72418
1.8300  0.27403  0.72597
1.8320  0.30275  0.69725
1.8340  0.27395  0.72605
1.8360  0.28467  0.71533
1.8380  0.29259  0.70741
1.8400  0.28829  0.71171
1.8420  0.28667  0.71333
1.8440  0.28871  0.71129
1.8460  0.28510  0.71490
1.8480  0.28987  0.71013
1.8500  0.28595  0.71405
1.8520  0.30325  0.69675
1.8540  0.29399  0.70601
1.8560  0.29724  0.70276
1.8580  0.29865  0.70135
1.8600  0.27744  0.72256
1.8620  0.28374  0.71626
1.8640  0.28827  0.71173
1.8660  0.30165  0.69835
1.8680  0.30764  0.69236
1.8700  0.29215  0.70785
1.8720  0.28695  0.71305
1.8740  0.29228  0.70772
1.8760  0.30114  0.69886
1.8780  0.29294  0.70706
1.8800  0.32203  0.67797
1.8820  0.28161  0.71839
1.8840  0.31426  0.68574
1.8860  0.29855  0.70145
1.8880  0.31081  0.68919
1.8900  0.30876  0.69124
1.8920  0.31152  0.68848
1.8940  0.31338  0.68662
1.8960  0.30959  0.69041
1.8980  0.31470  0.68530
1.9000  0.30625  0.69375
1.9020  0.32976  0.67024
1.9040  0.32623  0.67377
1.9060  0.31430  0.68570
1.9080  0.31241  0.68759
1.9100  0.31904  0.68096
1.9120  0.30715  0.69285
1.9140  0.32633  0.67367
1.9160  0.33593  0.66407
1.9180  0.34129  0.65871
1.9200  0.31410  0.68590
1.9220  0.31129  0.68871
1.9240  0.31579  0.68421
1.9260  0.32312  0.67688
1.9280  0.33131  0.66869
1.9300  0.33204  0.66796
1.9320  0.31727  0.68273
1.9340  0.34920  0.65080
1.9360  0.32697  0.67303
1.9380  0.32675  0.67325
1.9400  0.33332  0.66668
1.9420  0.30345  0.69655
1.9440  0.34185  0.65815
1.9460  0.34200  0.65800
1.9480  0.32537  0.67463
1.9500  0.33666  0.66334
1.9520  0.33402  0.66598
1.9540  0.32489  0.67511
1.9560  0.32725  0.67275
1.9580  0.32794  0.67206
1.9600  0.32424  0.67576
1.9620  0.34688  0.65312
1.9640  0.34189  0.65811
1.9660  0.32524  0.67476
1.9680  0.34662  0.65338
1.9700  0.34801  0.65199
1.9720  0.33358  0.66642
1.9740  0.32897  0.67103
1.9760  0.33829  0.66171
1.9780  0.32439  0.67561
1.9800  0.32889  0.67111
1.9820  0.34303  0.65697
1.9840  0.33920  0.66080
1.9860  0.34412  0.65588
1.9880  0.34662  0.65338
1.9900  0.33075  0.66925
1.9920  0.34925  0.65075
1.9940  0.35161  0.64839
1.9960  0.34894  0.65106
1.9980  0.34414  0.65586
2.0000  0.35444  0.64556