0.0000  0.33261  0.66739  0.00000
0.0020  0.33267  0.66733  0.00000
0.0040  0.33273  0.66727  0.00000
0.0060  0.32942  0.67058  0.00000
0.0080  0.32707  0.67293  0.00000
0.0100  0.33191  0.66809  0.00000
0.0120  0.33470  0.66530  0.00000
0.0140  0.33041  0.66959  0.00000
0.0160  0.33157  0.66843  0.00000
0.0180  0.32855  0.67145  0.00000
0.0200  0.32819  0.67181  0.00000
0.0220  0.32898  0.67102  0.00000
0.0240  0.32814  0.67186  0.00000
0.0260  0.32602  0.67398  0.00000
0.0280  0.32621  0.67379  0.00000
0.0300  0.33045  0.66955  0.00000
0.0320  0.32657  0.67343  0.00000
0.0340  0.32884  0.67116  0.00000
0.0360  0.32560  0.67440  0.00000
0.0380  0.32398  0.67602  0.00000
0.0400  0.32694  0.67306  0.00000
0.0420  0.32435  0.67565  0.00000
0.0440  0.32448  0.67552  0.00000
0.0460  0.32683  0.67317  0.00000
0.0480  0.32374  0.67626  0.00000
0.0500  0.32499  0.67501  0.00000
0.0520  0.32513  0.67487  0.00000
0.0540  0.32205  0.67795  0.00000
0.0560  0.32141  0.67859  0.00000
0.0580  0.32195  0.67805  0.00000
0.0600  0.31895  0.68105  0.00000
0.0620  0.31901  0.68099  0.00000
0.0640  0.31819  0.68181  0.00000
0.0660  0.31792  0.68208  0.00000
0.0680  0.31631  0.68369  0.00000
0.0700  0.31918  0.68082  0.00000
0.0720  0.31545  0.68455  0.00000
0.0740  0.31713  0.68287  0.00000
0.0760  0.31869  0.68131  0.00000
0.0780  0.31741  0.68259  0.00000
0.0800  0.31821  0.68179  0.00000
0.0820  0.31444  0.68556  0.00000
0.0840  0.31151  0.68849  0.00000
0.0860  0.31466  0.68534  0.00000
0.0880  0.31437  0.68563  0.00000
0.0900  0.31503  0.68497  0.00000
0.0920  0.31396  0.68604  0.00000
0.0940  0.30938  0.69062  0.00000
0.0960  0.31209  0.68791  0.00000
0.0980  0.31450  0.68550  0.00000
0.1000  0.31227  0.68773  0.00000
0.1020  0.31195  0.68805  0.00000
0.1040  0.30955  0.69045  0.00000
0.1060  0.30946  0.69054  0.00000
0.1080  0.31229  0.68771  0.00000
0.1100  0.30994  0.69006  0.00000
0.1120  0.30940  0.69060  0.00000
0.1140  0.30887  0.69113  0.00000
0.1160  0.30865  0.69135  0.00000
0.1180  0.30627  0.69373  0.00000
0.1200  0.30821  0.69179  0.00000
0.1220  0.30575  0.69425  0.00000
0.1240  0.30466  0.69534  0.00000
0.1260  0.30669  0.69331  0.00000
0.1280  0.30219  0.69781  0.00000
0.1300  0.30611  0.69389  0.00000
0.1320  0.30466  0.69534  0.00000
0.1340  0.30409  0.69591  0.00000
0.1360  0.30358  0.69642  0.00000
0.1380  0.30101  0.69899  0.00000
0.1400  0.30481  0.69519  0.00000
0.1420  0.30256  0.69744  0.00000
0.1440  0.30504  0.69496  0.00000
0.1460  0.30086  0.69914  0.00000
0.1480  0.30016  0.69984  0.00000
0.1500  0.29629  0.70371  0.00000
0.1520  0.29748  0.70252  0.00000
0.1540  0.29642  0.70358  0.00000
0.1560  0.30060  0.69940  0.00000
0.1580  0.29926  0.70074  0.00000
0.1600  0.29788  0.70212  0.00000
0.1620  0.29992  0.70008  0.00000
0.1640  0.29803  0.70197  0.00000
0.1660  0.29713  0.70287  0.00000
0.1680  0.29586  0.70414  0.00000
0.1700  0.29602  0.70398  0.00000
0.1720  0.29754  0.70246  0.00000
0.1740  0.29735  0.70265  0.00000
0.1760  0.29387  0.70613  0.00000
0.1780  0.29225  0.70775  0.00000
0.1800  0.29674  0.70326  0.00000
0.1820  0.29414  0.70586  0.00000
0.1840  0.29456  0.70544  0.00000
0.1860  0.29385  0.70615  0.00000
0.1880  0.29184  0.70816  0.00000
0.1900  0.29032  0.70968  0.00000
0.1920  0.29361  0.70639  0.00000
0.1940  0.29167  0.70833  0.00000
0.1960  0.29028  0.70972  0.00000
0.1980  0.28878  0.71122  0.00000
0.2000  0.29111  0.70889  0.00000
0.2020  0.28852  0.71148  0.00000
0.2040  0.28997  0.71003  0.00000
0.2060  0.28965  0.71035  0.00000
0.2080  0.28484  0.71516  0.00000
0.2100  0.28763  0.71237  0.00000
0.2120  0.28635  0.71365  0.00000
0.2140  0.28646  0.71354  0.00000
0.2160  0.28827  0.71173  0.00000
0.2180  0.28726  0.71274  0.00000
0.2200  0.28440  0.71560  0.00000
0.2220  0.28414  0.71586  0.00000
0.2240  0.28192  0.71808  0.00000
0.2260  0.28473  0.71527  0.00000
0.2280  0.28334  0.71666  0.00000
0.2300  0.28215  0.71785  0.00000
0.2320  0.28274  0.71726  0.00000
0.2340  0.28160  0.71840  0.00000
0.2360  0.28328  0.71672  0.00000
0.2380  0.28203  0.71797  0.00000
0.2400  0.28147  0.71853  0.00000
0.2420  0.28224  0.71776  0.00000
0.2440  0.28273  0.71727  0.00000
0.2460  0.27739  0.72261  0.00000
0.2480  0.27887  0.72113  0.00000
0.2500  0.27909  0.72091  0.00000
0.2520  0.27996  0.72004  0.00000
0.2540  0.27772  0.72228  0.00000
0.2560  0.27868  0.72132  0.00000
0.2580  0.28097  0.71903  0.00000
0.2600  0.27744  0.72256  0.00000
0.2620  0.27628  0.72372  0.00000
0.2640  0.27906  0.72094  0.00000
0.2660  0.27771  0.72229  0.00000
0.2680  0.27510  0.72490  0.00000
0.2700  0.27429  0.72571  0.00000
0.2720  0.27437  0.72563  0.00000
0.2740  0.27353  0.72647  0.00000
0.2760  0.27259  0.72741  0.00000
0.2780  0.27501  0.72499  0.00000
0.2800  0.27178  0.72822  0.00000
0.2820  0.26865  0.73135  0.00000
0.2840  0.27346  0.72654  0.00000
0.2860  0.27433  0.72567  0.00000
0.2880  0.27161  0.72839  0.00000
0.2900  0.27277  0.72723  0.00000
0.2920  0.27122  0.72878  0.00000
0.2940  0.27066  0.72934  0.00000
0.2960  0.27353  0.72647  0.00000
0.2980  0.27015  0.72985  0.00000
0.3000  0.27186  0.72814  0.00000
0.3020  0.27241  0.72759  0.00000
0.3040  0.26777  0.73223  0.00000
0.3060  0.26817  0.73183  0.00000
0.3080  0.26630  0.73370  0.00000
0.3100  0.26749  0.73251  0.00000
0.3120  0.26836  0.73164  0.00000
0.3140  0.27140  0.72860  0.00000
0.3160  0.26453  0.73547  0.00000
0.3180  0.26469  0.73531  0.00000
0.3200  0.26661  0.73339  0.00000
0.3220  0.26583  0.73417  0.00000
0.3240  0.26740  0.73260  0.00000
0.3260  0.26098  0.73902  0.00000
0.3280  0.26341  0.73659  0.00000
0.3300  0.26500  0.73500  0.00000
0.3320  0.26478  0.73522  0.00000
0.3340  0.26099  0.73901  0.00000
0.3360  0.26647  0.73353  0.00000
0.3380  0.26347  0.73653  0.00000
0.3400  0.26196  0.73804  0.00000
0.3420  0.25938  0.74062  0.00000
0.3440  0.25907  0.74093  0.00000
0.3460  0.25987  0.74013  0.00000
0.3480  0.25969  0.74031  0.00000
0.3500  0.25701  0.74299  0.00000
0.3520  0.25983  0.74017  0.00000
0.3540  0.25721  0.74279  0.00000
0.3560  0.25596  0.74404  0.00000
0.3580  0.26129  0.73871  0.00000
0.3600  0.25616  0.74384  0.00000
0.3620  0.25487  0.74513  0.00000
0.3640  0.25711  0.74289  0.00000
0.3660  0.25901  0.74099  0.00000
0.3680  0.25420  0.74580  0.00000
0.3700  0.25609  0.74391  0.00000
0.3720  0.25289  0.74711  0.00000
0.3740  0.25460  0.74540  0.00000
0.3760  0.25078  0.74922  0.00000
0.3780  0.25219  0.74781  0.00000
0.3800  0.25064  0.74936  0.00000
0.3820  0.25632  0.74368  0.00000
0.3840  0.25170  0.74830  0.00000
0.3860  0.25090  0.74910  0.00000
0.3880  0.25313  0.74687  0.00000
0.3900  0.25068  0.74932  0.00000
0.3920  0.25281  0.74719  0.00000
0.3940  0.24804  0.75196  0.00000
0.3960  0.25124  0.74876  0.00000
0.3980  0.25365  0.74635  0.00000
0.4000  0.25174  0.74826  0.00000
0.4020  0.24718  0.75282  0.00000
0.4040  0.24850  0.75150  0.00000
0.4060  0.24909  0.75091  0.00000
0.4080  0.24739  0.75261  0.00000
0.4100  0.24591  0.75409  0.00000
0.4120  0.24879  0.75121  0.00000
0.4140  0.24773  0.75227  0.00000
0.4160  0.24450  0.75550  0.00000
0.4180  0.24478  0.75522  0.00000
0.4200  0.24552  0.75448  0.00000
0.4220  0.24383  0.75617  0.00000
0.4240  0.24451  0.75549  0.00000
0.4260  0.24603  0.75397  0.00000
0.4280  0.24283  0.75717  0.00000
0.4300  0.24079  0.75921  0.00000
0.4320  0.24071  0.75929  0.00000
0.4340  0.24189  0.75811  0.00000
0.4360  0.24280  0.75720  0.00000
0.4380  0.24126  0.75874  0.00000
0.4400  0.24610  0.75390  0.00000
0.4420  0.24166  0.75834  0.00000
0.4440  0.24043  0.75957  0.00000
0.4460  0.24029  0.75971  0.00000
0.4480  0.23828  0.76172  0.00000
0.4500  0.23690  0.76310  0.00000
0.4520  0.24014  0.75986  0.00000
0.4540  0.23673  0.76327  0.00000
0.4560  0.23933  0.76067  0.00000
0.4580  0.24078  0.75922  0.00000
0.4600  0.23760  0.76240  0.00000
0.4620  0.23763  0.76237  0.00000
0.4640  0.23757  0.76243  0.00000
0.4660  0.23541  0.76459  0.00000
0.4680  0.23326  0.76674  0.00000
0.4700  0.23695  0.76305  0.00000
0.4720  0.23717  0.76283  0.00000
0.4740  0.23645  0.76355  0.00000
0.4760  0.23319  0.76681  0.00000
0.4780  0.23507  0.76493  0.00000
0.4800  0.23226  0.76774  0.00000
0.4820  0.23303  0.76697  0.00000
0.4840  0.23393  0.76607  0.00000
0.4860  0.22936  0.77064  0.00000
0.4880  0.23026  0.76974  0.00000
0.4900  0.22941  0.77059  0.00000
0.4920  0.23070  0.76930  0.00000
0.4940  0.23025  0.76975  0.00000
0.4960  0.22884  0.77116  0.00000
0.4980  0.22979  0.77021  0.00000
0.5000  0.22822  0.77178  0.00000
0.5020  0.22752  0.77248  0.00000
0.5040  0.22780  0.77220  0.00000
0.5060  0.22539  0.77461  0.00000
0.5080  0.22550  0.77450  0.00000
0.5100  0.23067  0.76933  0.00000
0.5120  0.22850  0.77150  0.00000
0.5140  0.22701  0.77299  0.00000
0.5160  0.22968  0.77032  0.00000
0.5180  0.22637  0.77363  0.00000
0.5200  0.22218  0.77782  0.00000
0.5220  0.22543  0.77457  0.00000
0.5240  0.22230  0.77770  0.00000
0.5260  0.22465  0.77535  0.00000
0.5280  0.21996  0.78004  0.00000
0.5300  0.22497  0.77503  0.00000
0.5320  0.22360  0.77640  0.00000
0.5340  0.22445  0.77555  0.00000
0.5360  0.21936  0.78064  0.00000
0.5380  0.22020  0.77980  0.00000
0.5400  0.22118  0.77882  0.00000
0.5420  0.22018  0.77982  0.00000
0.5440  0.21910  0.78090  0.00000
0.5460  0.21856  0.78144  0.00000
0.5480  0.21974  0.78026  0.00000
0.5500  0.21878  0.78122  0.00000
0.5520  0.22058  0.77942  0.00000
0.5540  0.21900  0.78100  0.00000
0.5560  0.22062  0.77938  0.00000
0.5580  0.21898  0.78102  0.00000
0.5600  0.21854  0.78146  0.00000
0.5620  0.21423  0.78577  0.00000
0.5640  0.21750  0.78250  0.00000
0.5660  0.21404  0.78596  0.00000
0.5680  0.21746  0.78254  0.00000
0.5700  0.21513  0.78487  0.00000
0.5720  0.21551  0.78449  0.00000
0.5740  0.21263  0.78737  0.00000
0.5760  0.21294  0.78706  0.00000
0.5780  0.21818  0.78182  0.00000
0.5800  0.21350  0.78650  0.00000
0.5820  0.21099  0.78901  0.00000
0.5840  0.21324  0.78676  0.00000
0.5860  0.21072  0.78928  0.00000
0.5880  0.20977  0.79023  0.00000
0.5900  0.20901  0.79099  0.00000
0.5920  0.20914  0.79086  0.00000
0.5940  0.21149  0.78851  0.00000
0.5960  0.21246  0.78754  0.00000
0.5980  0.21274  0.78726  0.00000
0.6000  0.20898  0.79102  0.00000
0.6020  0.20951  0.79049  0.00000
0.6040  0.20955  0.79045  0.00000
0.6060  0.20871  0.79129  0.00000
0.6080  0.20645  0.79355  0.00000
0.6100  0.20725  0.79275  0.00000
0.6120  0.20848  0.79152  0.00000
0.6140  0.20674  0.79326  0.00000
0.6160  0.20508  0.79492  0.00000
0.6180  0.20440  0.79560  0.00000
0.6200  0.20526  0.79474  0.00000
0.6220  0.20352  0.79648  0.00000
0.6240  0.20624  0.79376  0.00000
0.6260  0.20508  0.79492  0.00000
0.6280  0.20371  0.79629  0.00000
0.6300  0.20391  0.79609  0.00000
0.6320  0.20260  0.79740  0.00000
0.6340  0.20355  0.79645  0.00000
0.6360  0.20392  0.79608  0.00000
0.6380  0.20169  0.79831  0.00000
0.6400  0.20006  0.79994  0.00000
0.6420  0.19936  0.80064  0.00000
0.6440  0.20122  0.79878  0.00000
0.6460  0.20030  0.79970  0.00000
0.6480  0.20268  0.79732  0.00000
0.6500  0.19867  0.80133  0.00000
0.6520  0.19857  0.80143  0.00000
0.6540  0.20018  0.79982  0.00000
0.6560  0.20023  0.79977  0.00000
0.6580  0.19871  0.80129  0.00000
0.6600  0.19730  0.80270  0.00000
0.6620  0.19731  0.80269  0.00000
0.6640  0.19724  0.80276  0.00000
0.6660  0.19839  0.80161  0.00000
0.6680  0.19574  0.80426  0.00000
0.6700  0.19574  0.80426  0.00000
0.6720  0.19496  0.80504  0.00000
0.6740  0.19612  0.80388  0.00000
0.6760  0.19404  0.80596  0.00000
0.6780  0.19029  0.80971  0.00000
0.6800  0.19174  0.80826  0.00000
0.6820  0.19518  0.80482  0.00000
0.6840  0.19225  0.80775  0.00000
0.6860  0.19043  0.80957  0.00000
0.6880  0.19004  0.80996  0.00000
0.6900  0.19054  0.80946  0.00000
0.6920  0.19100  0.80900  0.00000
0.6940  0.19130  0.80870  0.00000
0.6960  0.19163  0.80837  0.00000
0.6980  0.18789  0.81211  0.00000
0.7000  0.19232  0.80768  0.00000
0.7020  0.18543  0.81457  0.00000
0.7040  0.18583  0.81417  0.00000
0.7060  0.18986  0.81014  0.00000
0.7080  0.18747  0.81253  0.00000
0.7100  0.19097  0.80903  0.00000
0.7120  0.18621  0.81379  0.00000
0.7140  0.18714  0.81286  0.00000
0.7160  0.18454  0.81546  0.00000
0.7180  0.18425  0.81575  0.00000
0.7200  0.18588  0.81412  0.00000
0.7220  0.18543  0.81457  0.00000
0.7240  0.18477  0.81523  0.00000
0.7260  0.18482  0.81518  0.00000
0.7280  0.18224  0.81776  0.00000
0.7300  0.18499  0.81501  0.00000
0.7320  0.18562  0.81438  0.00000
0.7340  0.18415  0.81585  0.00000
0.7360  0.18323  0.81677  0.00000
0.7380  0.18033  0.81967  0.00000
0.7400  0.18069  0.81931  0.00000
0.7420  0.18286  0.81714  0.00000
0.7440  0.17744  0.82256  0.00000
0.7460  0.18042  0.81958  0.00000
0.7480  0.18209  0.81791  0.00000
0.7500  0.17781  0.82219  0.00000
0.7520  0.18026  0.81974  0.00000
0.7540  0.18118  0.81882  0.00000
0.7560  0.17642  0.82358  0.00000
0.7580  0.17594  0.82406  0.00000
0.7600  0.17757  0.82243  0.00000
0.7620  0.17921  0.82079  0.00000
0.7640  0.17750  0.82250  0.00000
0.7660  0.17566  0.82434  0.00000
0.7680  0.17764  0.82236  0.00000
0.7700  0.17440  0.82560  0.00000
0.7720  0.17464  0.82536  0.00000
0.7740  0.17471  0.82529  0.00000
0.7760  0.17463  0.82537  0.00000
0.7780  0.17406  0.82594  0.00000
0.7800  0.17397  0.82603  0.00000
0.7820  0.17255  0.82745  0.00000
0.7840  0.17055  0.82945  0.00000
0.7860  0.17162  0.82838  0.00000
0.7880  0.16944  0.83056  0.00000
0.7900  0.17185  0.82815  0.00000
0.7920  0.17203  0.82797  0.00000
0.7940  0.16890  0.83110  0.00000
0.7960  0.17040  0.82960  0.00000
0.7980  0.16904  0.83096  0.00000
0.8000  0.17000  0.83000  0.00000
0.8020  0.16518  0.83482  0.00000
0.8040  0.16804  0.83196  0.00000
0.8060  0.16792  0.83208  0.00000
0.8080  0.16577  0.83423  0.00000
0.8100  0.16576  0.83424  0.00000
0.8120  0.16615  0.83385  0.00000
0.8140  0.16480  0.83520  0.00000
0.8160  0.16417  0.83583  0.00000
0.8180  0.16349  0.83651  0.00000
0.8200  0.16499  0.83501  0.00000
0.8220  0.16232  0.83768  0.00000
0.8240  0.16193  0.83807  0.00000
0.8260  0.16268  0.83732  0.00000
0.8280  0.16030  0.83970  0.00000
0.8300  0.16151  0.83849  0.00000
0.8320  0.15948  0.84052  0.00000
0.8340  0.16173  0.83827  0.00000
0.8360  0.15941  0.84059  0.00000
0.8380  0.15856  0.84144  0.00000
0.8400  0.16068  0.83932  0.00000
0.8420  0.15865  0.84135  0.00000
0.8440  0.15801  0.84199  0.00000
0.8460  0.15542  0.84458  0.00000
0.8480  0.15692  0.84308  0.00000
0.8500  0.15765  0.84235  0.00000
0.8520  0.15593  0.84407  0.00000
0.8540  0.15652  0.84348  0.00000
0.8560  0.15827  0.84173  0.00000
0.8580  0.15583  0.84417  0.00000
0.8600  0.15641  0.84359  0.00000
0.8620  0.15272  0.84728  0.00000
0.8640  0.15102  0.84898  0.00000
0.8660  0.15313  0.84687  0.00000
0.8680  0.15358  0.84642  0.00000
0.8700  0.15240  0.84760  0.00000
0.8720  0.15281  0.84719  0.00000
0.8740  0.15414  0.84586  0.00000
0.8760  0.15316  0.84684  0.00000
0.8780  0.14930  0.85070  0.00000
0.8800  0.14723  0.85277  0.00000
0.8820  0.14640  0.85360  0.00000
0.8840  0.14907  0.85093  0.00000
0.8860  0.14756  0.85244  0.00000
0.8880  0.14777  0.85223  0.00000
0.8900  0.14707  0.85293  0.00000
0.8920  0.14490  0.85510  0.00000
0.8940  0.14729  0.85271  0.00000
0.8960  0.14336  0.85664  0.00000
0.8980  0.14607  0.85393  0.00000
0.9000  0.14422  0.85578  0.00000
0.9020  0.14336  0.85664  0.00000
0.9040  0.14191  0.85809  0.00000
0.9060  0.14436  0.85564  0.00000
0.9080  0.14092  0.85908  0.00000
0.9100  0.14067  0.85933  0.00000
0.9120  0.14262  0.85738  0.00000
0.9140  0.14112  0.85888  0.00000
0.9160  0.14075  0.85925  0.00000
0.9180  0.14192  0.85808  0.00000
0.9200  0.14112  0.85888  0.00000
0.9220  0.13742  0.86258  0.00000
0.9240  0.13948  0.86052  0.00000
0.9260  0.13989  0.86011  0.00000
0.9280  0.13830  0.86170  0.00000
0.9300  0.13806  0.86194  0.00000
0.9320  0.13713  0.86287  0.00000
0.9340  0.13474  0.86526  0.00000
0.9360  0.13920  0.86080  0.00000
0.9380  0.13313  0.86687  0.00000
0.9400  0.13103  0.86897  0.00000
0.9420  0.13523  0.86477  0.00000
0.9440  0.13455  0.86545  0.00000
0.9460  0.13098  0.86902  0.00000
0.9480  0.13474  0.86526  0.00000
0.9500  0.12723  0.87277  0.00000
0.9520  0.13115  0.86885  0.00000
0.9540  0.13049  0.86951  0.00000
0.9560  0.13003  0.86997  0.00000
0.9580  0.13087  0.86913  0.00000
0.9600  0.12875  0.87125  0.00000
0.9620  0.13149  0.86851  0.00000
0.9640  0.13098  0.86902  0.00000
0.9660  0.12511  0.87489  0.00000
0.9680  0.12262  0.87738  0.00000
0.9700  0.12811  0.87189  0.00000
0.9720  0.12459  0.87541  0.00000
0.9740  0.12326  0.87674  0.00000
0.9760  0.12510  0.87490  0.00000
0.9780  0.12197  0.87803  0.00000
0.9800  0.12106  0.87894  0.00000
0.9820  0.12106  0.87894  0.00000
0.9840  0.12011  0.87989  0.00000
0.9860  0.12090  0.87910  0.00000
0.9880  0.12357  0.87643  0.00000
0.9900  0.11964  0.88036  0.00000
0.9920  0.11632  0.88368  0.00000
0.9940  0.11492  0.88508  0.00000
0.9960  0.11482  0.88518  0.00000
0.9980  0.11805  0.88195  0.00000
1.0000  0.11596  0.88404  0.00000
1.0020  0.11648  0.88352  0.00000
1.0040  0.11321  0.88679  0.00000
1.0060  0.11309  0.88691  0.00000
1.0080  0.11258  0.88742  0.00000
1.0100  0.11215  0.88785  0.00000
1.0120  0.11227  0.88773  0.00000
1.0140  0.11062  0.88938  0.00000
1.0160  0.11061  0.88939  0.00000
1.0180  0.10902  0.89098  0.00000
1.0200  0.10852  0.89148  0.00000
1.0220  0.10696  0.89304  0.00000
1.0240  0.10892  0.89108  0.00000
1.0260  0.10614  0.89386  0.00000
1.0280  0.10357  0.89643  0.00000
1.0300  0.10357  0.89643  0.00000
1.0320  0.10538  0.89462  0.00000
1.0340  0.10410  0.89590  0.00000
1.0360  0.10293  0.89707  0.00000
1.0380  0.10410  0.89590  0.00000
1.0400  0.09987  0.90013  0.00000
1.0420  0.10133  0.89867  0.00000
1.0440  0.09935  0.90065  0.00000
1.0460  0.10069  0.89931  0.00000
1.0480  0.09763  0.90237  0.00000
1.0500  0.09595  0.90405  0.00000
1.0520  0.09763  0.90237  0.00000
1.0540  0.09759  0.90241  0.00000
1.0560  0.09651  0.90349  0.00000
1.0580  0.09645  0.90355  0.00000
1.0600  0.09485  0.90515  0.00000
1.0620  0.09505  0.90495  0.00000
1.0640  0.09361  0.90639  0.00000
1.0660  0.09482  0.90518  0.00000
1.0680  0.09383  0.90617  0.00000
1.0700  0.09137  0.90863  0.00000
1.0720  0.09396  0.90604  0.00000
1.0740  0.09213  0.90787  0.00000
1.0760  0.09072  0.90928  0.00000
1.0780  0.09013  0.90987  0.00000
1.0800  0.08988  0.91012  0.00000
1.0820  0.09086  0.90914  0.00000
1.0840  0.08664  0.91336  0.00000
1.0860  0.08643  0.91357  0.00000
1.0880  0.08841  0.91159  0.00000
1.0900  0.08714  0.91286  0.00000
1.0920  0.08651  0.91349  0.00000
1.0940  0.08643  0.91357  0.00000
1.0960  0.08580  0.91420  0.00000
1.0980  0.08594  0.91406  0.00000
1.1000  0.08498  0.91502  0.00000
1.1020  0.08576  0.91424  0.00000
1.1040  0.08428  0.91572  0.00000
1.1060  0.08294  0.91706  0.00000
1.1080  0.08285  0.91715  0.00000
1.1100  0.08179  0.91821  0.00000
1.1120  0.08389  0.91611  0.00000
1.1140  0.08248  0.91752  0.00000
1.1160  0.08151  0.91849  0.00000
1.1180  0.08064  0.91936  0.00000
1.1200  0.08119  0.91881  0.00000
1.1220  0.07898  0.92102  0.00000
1.1240  0.07966  0.92034  0.00000
1.1260  0.07973  0.92027  0.00000
1.1280  0.08017  0.91983  0.00000
1.1300  0.08066  0.91934  0.00000
1.1320  0.07741  0.92259  0.00000
1.1340  0.07814  0.92186  0.00000
1.1360  0.07906  0.92094  0.00000
1.1380  0.07716  0.92284  0.00000
1.1400  0.07680  0.92320  0.00000
1.1420  0.07654  0.92346  0.00000
1.1440  0.07590  0.92410  0.00000
1.1460  0.07532  0.92468  0.00000
1.1480  0.07621  0.92379  0.00000
1.1500  0.07652  0.92348  0.00000
1.1520  0.07450  0.92550  0.00000
1.1540  0.07380  0.92620  0.00000
1.1560  0.07154  0.92846  0.00000
1.1580  0.07352  0.92648  0.00000
1.1600  0.07403  0.92597  0.00000
1.1620  0.07357  0.92643  0.00000
1.1640  0.07160  0.92840  0.00000
1.1660  0.07212  0.92788  0.00000
1.1680  0.07219  0.92781  0.00000
1.1700  0.07203  0.92797  0.00000
1.1720  0.07139  0.92861  0.00000
1.1740  0.07159  0.92841  0.00000
1.1760  0.07121  0.92879  0.00000
1.1780  0.06980  0.93020  0.00000
1.1800  0.06961  0.93039  0.00000
1.1820  0.06966  0.93034  0.00000
1.1840  0.06915  0.93085  0.00000
1.1860  0.06989  0.93011  0.00000
1.1880  0.06827  0.93173  0.00000
1.1900  0.07025  0.92975  0.00000
1.1920  0.06843  0.93157  0.00000
1.1940  0.06759  0.93241  0.00000
1.1960  0.06899  0.93101  0.00000
1.1980  0.06620  0.93380  0.00000
1.2000  0.06734  0.93266  0.00000
1.2020  0.06751  0.93249  0.00000
1.2040  0.06544  0.93456  0.00000
1.2060  0.06652  0.93348  0.00000
1.2080  0.06385  0.93615  0.00000
1.2100  0.06536  0.93464  0.00000
1.2120  0.06527  0.93473  0.00000
1.2140  0.06438  0.93562  0.00000
1.2160  0.06424  0.93576  0.00000
1.2180  0.06471  0.93529  0.00000
1.2200  0.06547  0.93453  0.00000
1.2220  0.06485  0.93515  0.00000
1.2240  0.06403  0.93597  0.00000
1.2260  0.06325  0.93675  0.00000
1.2280  0.06430  0.93570  0.00000
1.2300  0.06240  0.93760  0.00000
1.2320  0.06213  0.93787  0.00000
1.2340  0.06423  0.93577  0.00000
1.2360  0.06120  0.93880  0.00000
1.2380  0.06222  0.93778  0.00000
1.2400  0.06091  0.93909  0.00000
1.2420  0.06174  0.93826  0.00000
1.2440  0.06219  0.93781  0.00000
1.2460  0.06064  0.93936  0.00000
1.2480  0.06126  0.93874  0.00000
1.2500  0.06340  0.93660  0.00000
1.2520  0.05983  0.94017  0.00000
1.2540  0.06079  0.93921  0.00000
1.2560  0.05914  0.94086  0.00000
1.2580  0.06182  0.93818  0.00000
1.2600  0.05738  0.94262  0.00000
1.2620  0.05756  0.94244  0.00000
1.2640  0.05786  0.94214  0.00000
1.2660  0.05846  0.94154  0.00000
1.2680  0.05977  0.94023  0.00000
1.2700  0.05729  0.94271  0.00000
1.2720  0.05709  0.94291  0.00000
1.2740  0.05823  0.94177  0.00000
1.2760  0.05863  0.94137  0.00000
1.2780  0.05807  0.94193  0.00000
1.2800  0.05732  0.94268  0.00000
1.2820  0.05633  0.94367  0.00000
1.2840  0.05618  0.94382  0.00000
1.2860  0.05707  0.94293  0.00000
1.2880  0.05735  0.94265  0.00000
1.2900  0.05504  0.94496  0.00000
1.2920  0.05644  0.94356  0.00000
1.2940  0.05528  0.94472  0.00000
1.2960  0.05489  0.94511  0.00000
1.2980  0.05551  0.94449  0.00000
1.3000  0.05621  0.94379  0.00000
1.3020  0.05516  0.94484  0.00000
1.3040  0.05211  0.94789  0.00000
1.3060  0.05461  0.94539  0.00000
1.3080  0.05146  0.94854  0.00000
1.3100  0.05377  0.94623  0.00000
1.3120  0.05413  0.94587  0.00000
1.3140  0.05368  0.94632  0.00000
1.3160  0.05107  0.94893  0.00000
1.3180  0.05266  0.94734  0.00000
1.3200  0.05078  0.94922  0.00000
1.3220  0.05230  0.94770  0.00000
1.3240  0.05373  0.94627  0.00000
1.3260  0.05186  0.94814  0.00000
1.3280  0.05057  0.94943  0.00000
1.3300  0.05225  0.94775  0.00000
1.3320  0.05100  0.94900  0.00000
1.3340  0.05183  0.94817  0.00000
1.3360  0.05135  0.94865  0.00000
1.3380  0.05075  0.94925  0.00000
1.3400  0.05229  0.94771  0.00000
1.3420  0.05001  0.94999  0.00000
1.3440  0.05073  0.94927  0.00000
1.3460  0.05079  0.94921  0.00000
1.3480  0.04884  0.95116  0.00000
1.3500  0.05225  0.94775  0.00000
1.3520  0.05119  0.94881  0.00000
1.3540  0.05025  0.94975  0.00000
1.3560  0.05043  0.94957  0.00000
1.3580  0.04946  0.95054  0.00000
1.3600  0.04792  0.95208  0.00000
1.3620  0.04869  0.95131  0.00000
1.3640  0.05151  0.94849  0.00000
1.3660  0.04805  0.95195  0.00000
1.3680  0.04936  0.95064  0.00000
1.3700  0.04853  0.95147  0.00000
1.3720  0.04727  0.95273  0.00000
1.3740  0.05005  0.94995  0.00000
1.3760  0.04848  0.95152  0.00000
1.3780  0.04934  0.95066  0.00000
1.3800  0.04705  0.95295  0.00000
1.3820  0.04465  0.95535  0.00000
1.3840  0.04652  0.95348  0.00000
1.3860  0.04589  0.95411  0.00000
1.3880  0.04658  0.95342  0.00000
1.3900  0.04736  0.95264  0.00000
1.3920  0.04662  0.95338  0.00000
1.3940  0.04877  0.95123  0.00000
1.3960  0.04595  0.95405  0.00000
1.3980  0.04518  0.95482  0.00000
1.4000  0.04635  0.95365  0.00000
1.4020  0.04580  0.95420  0.00000
1.4040  0.04555  0.95445  0.00000
1.4060  0.04532  0.95468  0.00000
1.4080  0.04520  0.95480  0.00000
1.4100  0.04524  0.95476  0.00000
1.4120  0.04524  0.95476  0.00000
1.4140  0.04714  0.95286  0.00000
1.4160  0.04731  0.95269  0.00000
1.4180  0.04466  0.95534  0.00000
1.4200  0.04488  0.95512  0.00000
1.4220  0.04467  0.95533  0.00000
1.4240  0.04125  0.95875  0.00000
1.4260  0.04269  0.95731  0.00000
1.4280  0.04332  0.95668  0.00000
1.4300  0.04345  0.95655  0.00000
1.4320  0.04524  0.95476  0.00000
1.4340  0.04253  0.95747  0.00000
1.4360  0.04200  0.95800  0.00000
1.4380  0.04252  0.95748  0.00000
1.4400  0.04451  0.95549  0.00000
1.4420  0.04210  0.95790  0.00000
1.4440  0.04374  0.95626  0.00000
1.4460  0.04110  0.95890  0.00000
1.4480  0.04198  0.95802  0.00000
1.4500  0.04271  0.95729  0.00000
1.4520  0.04244  0.95756  0.00000
1.4540  0.04336  0.95664  0.00000
1.4560  0.04315  0.95685  0.00000
1.4580  0.04172  0.95828  0.00000
1.4600  0.04128  0.95872  0.00000
1.4620  0.04195  0.95805  0.00000
1.4640  0.04233  0.95767  0.00000
1.4660  0.04116  0.95884  0.00000
1.4680  0.03934  0.96066  0.00000
1.4700  0.04170  0.95830  0.00000
1.4720  0.03987  0.96013  0.00000
1.4740  0.03887  0.96113  0.00000
1.4760  0.04032  0.95968  0.00000
1.4780  0.04028  0.95972  0.00000
1.4800  0.04099  0.95901  0.00000
1.4820  0.04181  0.95819  0.00000
1.4840  0.03909  0.96091  0.00000
1.4860  0.03945  0.96055  0.00000
1.4880  0.03827  0.96173  0.00000
1.4900  0.04050  0.95950  0.00000
1.4920  0.04060  0.95940  0.00000
1.4940  0.04107  0.95893  0.00000
1.4960  0.03998  0.96002  0.00000
1.4980  0.03897  0.96103  0.00000
1.5000  0.03932  0.96068  0.00000
1.5020  0.04074  0.95926  0.00000
1.5040  0.04019  0.95981  0.00000
1.5060  0.03890  0.96110  0.00000
1.5080  0.03949  0.96051  0.00000
1.5100  0.03934  0.96066  0.00000
1.5120  0.03827  0.96173  0.00000
1.5140  0.03853  0.96147  0.00000
1.5160  0.03753  0.96247  0.00000
1.5180  0.03844  0.96156  0.00000
1.5200  0.03746  0.96254  0.00000
1.5220  0.03588  0.96412  0.00000
1.5240  0.03865  0.96135  0.00000
1.5260  0.03504  0.96496  0.00000
1.5280  0.03589  0.96411  0.00000
1.5300  0.03583  0.96417  0.00000
1.5320  0.03684  0.96316  0.00000
1.5340  0.03831  0.96169  0.00000
1.5360  0.03446  0.96554  0.00000
1.5380  0.03663  0.96337  0.00000
1.5400  0.03750  0.96250  0.00000
1.5420  0.03495  0.96505  0.00000
1.5440  0.03531  0.96469  0.00000
1.5460  0.03336  0.96664  0.00000
1.5480  0.03870  0.96130  0.00000
1.5500  0.03454  0.96546  0.00000
1.5520  0.03563  0.96437  0.00000
1.5540  0.03395  0.96605  0.00000
1.5560  0.03435  0.96565  0.00000
1.5580  0.03485  0.96515  0.00000
1.5600  0.03289  0.96711  0.00000
1.5620  0.03545  0.96455  0.00000
1.5640  0.03567  0.96433  0.00000
1.5660  0.03545  0.96455  0.00000
1.5680  0.03379  0.96621  0.00000
1.5700  0.03446  0.96554  0.00000
1.5720  0.03545  0.96455  0.00000
1.5740  0.03441  0.96559  0.00000
1.5760  0.03276  0.96724  0.00000
1.5780  0.03463  0.96537  0.00000
1.5800  0.03325  0.96675  0.00000
1.5820  0.03376  0.96624  0.00000
1.5840  0.03416  0.96584  0.00000
1.5860  0.03304  0.96696  0.00000
1.5880  0.03506  0.96494  0.00000
1.5900  0.03656  0.96344  0.00000
1.5920  0.03331  0.96669  0.00000
1.5940  0.03453  0.96547  0.00000
1.5960  0.03332  0.96668  0.00000
1.5980  0.03378  0.96622  0.00000
1.6000  0.03491  0.96509  0.00000
1.6020  0.03420  0.96580  0.00000
1.6040  0.03611  0.96389  0.00000
1.6060  0.03441  0.96559  0.00000
1.6080  0.03038  0.96962  0.00000
1.6100  0.03328  0.96672  0.00000
1.6120  0.03270  0.96730  0.00000
1.6140  0.03483  0.96517  0.00000
1.6160  0.03297  0.96703  0.00000
1.6180  0.03179  0.96821  0.00000
1.6200  0.03370  0.96630  0.00000
1.6220  0.03257  0.96743  0.00000
1.6240  0.03292  0.96708  0.00000
1.6260  0.03250  0.96750  0.00000
1.6280  0.03180  0.96820  0.00000
1.6300  0.03149  0.96851  0.00000
1.6320  0.03358  0.96642  0.00000
1.6340  0.03064  0.96936  0.00000
1.6360  0.03256  0.96744  0.00000
1.6380  0.02920  0.97080  0.00000
1.6400  0.03110  0.96890  0.00000
1.6420  0.03148  0.96852  0.00000
1.6440  0.03032  0.96968  0.00000
1.6460  0.02860  0.97140  0.00000
1.6480  0.02881  0.97119  0.00000
1.6500  0.03157  0.96843  0.00000
1.6520  0.03148  0.96852  0.00000
1.6540  0.03073  0.96927  0.00000
1.6560  0.03034  0.96966  0.00000
1.6580  0.02910  0.97090  0.00000
1.6600  0.02898  0.97102  0.00000
1.6620  0.02852  0.97148  0.00000
1.6640  0.03082  0.96918  0.00000
1.6660  0.02963  0.97037  0.00000
1.6680  0.02928  0.97072  0.00000
1.6700  0.03019  0.96981  0.00000
1.6720  0.03187  0.96813  0.00000
1.6740  0.02948  0.97052  0.00000
1.6760  0.02917  0.97083  0.00000
1.6780  0.03170  0.96830  0.00000
1.6800  0.02678  0.97322  0.00000
1.6820  0.02962  0.97038  0.00000
1.6840  0.02795  0.97205  0.00000
1.6860  0.02776  0.97224  0.00000
1.6880  0.02974  0.97026  0.00000
1.6900  0.03164  0.96836  0.00000
1.6920  0.02745  0.97255  0.00000
1.6940  0.02803  0.97197  0.00000
1.6960  0.02797  0.97203  0.00000
1.6980  0.02678  0.97322  0.00000
1.7000  0.02884  0.97116  0.00000
1.7020  0.02857  0.97143  0.00000
1.7040  0.02922  0.97078  0.00000
1.7060  0.02938  0.97062  0.00000
1.7080  0.03084  0.96916  0.00000
1.7100  0.02713  0.97287  0.00000
1.7120  0.02837  0.97163  0.00000
1.7140  0.02901  0.97099  0.00000
1.7160  0.02872  0.97128  0.00000
1.7180  0.02568  0.97432  0.00000
1.7200  0.02822  0.97178  0.00000
1.7220  0.02814  0.97186  0.00000
1.7240  0.02758  0.97242  0.00000
1.7260  0.02643  0.97357  0.00000
1.7280  0.02704  0.97296  0.00000
1.7300  0.02614  0.97386  0.00000
1.7320  0.02836  0.97164  0.00000
1.7340  0.02821  0.97179  0.00000
1.7360  0.02578  0.97422  0.00000
1.7380  0.02691  0.97309  0.00000
1.7400  0.02789  0.97211  0.00000
1.7420  0.02682  0.97318  0.00000
1.7440  0.02804  0.97196  0.00000
1.7460  0.02672  0.97328  0.00000
1.7480  0.02675  0.97325  0.00000
1.7500  0.02616  0.97384  0.00000
1.7520  0.02919  0.97081  0.00000
1.7540  0.02847  0.97153  0.00000
1.7560  0.02694  0.97306  0.00000
1.7580  0.02634  0.97366  0.00000
1.7600  0.02888  0.97112  0.00000
1.7620  0.02811  0.97189  0.00000
1.7640  0.02771  0.97229  0.00000
1.7660  0.02654  0.97346  0.00000
1.7680  0.02513  0.97487  0.00000
1.7700  0.02577  0.97423  0.00000
1.7720  0.02648  0.97352  0.00000
1.7740  0.02221  0.97779  0.00000
1.7760  0.02642  0.97358  0.00000
1.7780  0.02460  0.97540  0.00000
1.7800  0.02715  0.97285  0.00000
1.7820  0.02397  0.97603  0.00000
1.7840  0.02511  0.97489  0.00000
1.7860  0.02768  0.97232  0.00000
1.7880  0.02537  0.97463  0.00000
1.7900  0.02567  0.97433  0.00000
1.7920  0.02499  0.97501  0.00000
1.7940  0.02596  0.97404  0.00000
1.7960  0.02453  0.97547  0.00000
1.7980  0.02329  0.97671  0.00000
1.8000  0.02277  0.97723  0.00000
1.8020  0.02407  0.97593  0.00000
1.8040  0.02509  0.97491  0.00000
1.8060  0.02450  0.97550  0.00000
1.8080  0.02338  0.97662  0.00000
1.8100  0.02487  0.97513  0.00000
1.8120  0.02493  0.97507  0.00000
1.8140  0.02620  0.97380  0.00000
1.8160  0.02531  0.97469  0.00000
1.8180  0.02363  0.97637  0.00000
1.8200  0.02624  0.97376  0.00000
1.8220  0.02382  0.97618  0.00000
1.8240  0.02530  0.97470  0.00000
1.8260  0.02575  0.97425  0.00000
1.8280  0.02192  0.97808  0.00000
1.8300  0.02587  0.97413  0.00000
1.8320  0.02211  0.97789  0.00000
1.8340  0.02233  0.97767  0.00000
1.8360  0.02311  0.97689  0.00000
1.8380  0.02287  0.97713  0.00000
1.8400  0.02493  0.97507  0.00000
1.8420  0.02443  0.97557  0.00000
1.8440  0.02286  0.97714  0.00000
1.8460  0.02318  0.97682  0.00000
1.8480  0.02327  0.97673  0.00000
1.8500  0.02376  0.97624  0.00000
1.8520  0.02436  0.97564  0.00000
1.8540  0.02290  0.97710  0.00000
1.8560  0.02368  0.97632  0.00000
1.8580  0.02320  0.97680  0.00000
1.8600  0.02321  0.97679  0.00000
1.8620  0.02375  0.97625  0.00000
1.8640  0.02160  0.97840  0.00000
1.8660  0.02288  0.97712  0.00000
1.8680  0.02469  0.97531  0.00000
1.8700  0.02501  0.97499  0.00000
1.8720  0.02274  0.97726  0.00000
1.8740  0.02399  0.97601  0.00000
1.8760  0.02321  0.97679  0.00000
1.8780  0.02225  0.97775  0.00000
1.8800  0.02376  0.97624  0.00000
1.8820  0.02247  0.97753  0.00000
1.8840  0.02311  0.97689  0.00000
1.8860  0.02371  0.97629  0.00000
1.8880  0.02456  0.97544  0.00000
1.8900  0.02433  0.97567  0.00000
1.8920  0.02174  0.97826  0.00000
1.8940  0.02196  0.97804  0.00000
1.8960  0.02409  0.97591  0.00000
1.8980  0.02053  0.97947  0.00000
1.9000  0.02249  0.97751  0.00000
1.9020  0.02067  0.97933  0.00000
1.9040  0.02211  0.97789  0.00000
1.9060  0.02399  0.97601  0.00000
1.9080  0.02254  0.97746  0.00000
1.9100  0.02120  0.97880  0.00000
1.9120  0.02427  0.97573  0.00000
1.9140  0.02087  0.97913  0.00000
1.9160  0.02196  0.97804  0.00000
1.9180  0.02383  0.97617  0.00000
1.9200  0.02203  0.97797  0.00000
1.9220  0.02235  0.97765  0.00000
1.9240  0.02274  0.97726  0.00000
1.9260  0.02249  0.97751  0.00000
1.9280  0.02168  0.97832  0.00000
1.9300  0.02108  0.97892  0.00000
1.9320  0.02400  0.97600  0.00000
1.9340  0.02059  0.97941  0.00000
1.9360  0.02173  0.97827  0.00000
1.9380  0.02098  0.97902  0.00000
1.9400  0.02124  0.97876  0.00000
1.9420  0.02208  0.97792  0.00000
1.9440  0.02010  0.97990  0.00000
1.9460  0.02125  0.97875  0.00000
1.9480  0.02023  0.97977  0.00000
1.9500  0.02227  0.97773  0.00000
1.9520  0.02204  0.97796  0.00000
1.9540  0.02050  0.97950  0.00000
1.9560  0.02182  0.97818  0.00000
1.9580  0.02211  0.97789  0.00000
1.9600  0.02130  0.97870  0.00000
1.9620  0.02136  0.97864  0.00000
1.9640  0.02012  0.97988  0.00000
1.9660  0.01901  0.98099  0.00000
1.9680  0.02088  0.97912  0.00000
1.9700  0.02183  0.97817  0.00000
1.9720  0.02189  0.97811  0.00000
1.9740  0.02069  0.97931  0.00000
1.9760  0.02050  0.97950  0.00000
1.9780  0.02087  0.97913  0.00000
1.9800  0.02273  0.97727  0.00000
1.9820  0.02109  0.97891  0.00000
1.9840  0.02113  0.97887  0.00000
1.9860  0.02090  0.97910  0.00000
1.9880  0.02089  0.97911  0.00000
1.9900  0.02152  0.97848  0.00000
1.9920  0.02029  0.97971  0.00000
1.9940  0.02214  0.97786  0.00000
1.9960  0.02050  0.97950  0.00000
1.9980  0.02162  0.97838  0.00000
2.0000  0.02069  0.97931  0.00000
