0.0000  0.49268  0.50732
0.0020  0.49968  0.50032
0.0040  0.50499  0.49501
0.0060  0.49409  0.50591
0.0080  0.50162  0.49838
0.0100  0.49900  0.50100
0.0120  0.49543  0.50457
0.0140  0.49720  0.50280
0.0160  0.49904  0.50096
0.0180  0.49587  0.50413
0.0200  0.49224  0.50776
0.0220  0.49490  0.50510
0.0240  0.49103  0.50897
0.0260  0.49064  0.50936
0.0280  0.49392  0.50608
0.0300  0.49104  0.50896
0.0320  0.48864  0.51136
0.0340  0.49080  0.50920
0.0360  0.48860  0.51140
0.0380  0.48889  0.51111
0.0400  0.48796  0.51204
0.0420  0.49023  0.50977
0.0440  0.48874  0.51126
0.0460  0.48654  0.51346
0.0480  0.48645  0.51355
0.0500  0.48843  0.51157
0.0520  0.48478  0.51522
0.0540  0.48607  0.51393
0.0560  0.48493  0.51507
0.0580  0.48295  0.51705
0.0600  0.48283  0.51717
0.0620  0.48202  0.51798
0.0640  0.48147  0.51853
0.0660  0.48209  0.51791
0.0680  0.48272  0.51728
0.0700  0.47585  0.52415
0.0720  0.47890  0.52110
0.0740  0.47996  0.52004
0.0760  0.47748  0.52252
0.0780  0.47675  0.52325
0.0800  0.47790  0.52210
0.0820  0.47485  0.52515
0.0840  0.47539  0.52461
0.0860  0.47382  0.52618
0.0880  0.47104  0.52896
0.0900  0.47275  0.52725
0.0920  0.47190  0.52810
0.0940  0.47198  0.52802
0.0960  0.47046  0.52954
0.0980  0.46923  0.53077
0.1000  0.46925  0.53075
0.1020  0.46850  0.53150
0.1040  0.46791  0.53209
0.1060  0.46781  0.53219
0.1080  0.46597  0.53403
0.1100  0.46574  0.53426
0.1120  0.46455  0.53545
0.1140  0.46434  0.53566
0.1160  0.46331  0.53669
0.1180  0.46239  0.53761
0.1200  0.46162  0.53838
0.1220  0.46102  0.53898
0.1240  0.45881  0.54119
0.1260  0.45833  0.54167
0.1280  0.45755  0.54245
0.1300  0.45718  0.54282
0.1320  0.45651  0.54349
0.1340  0.45545  0.54455
0.1360  0.45377  0.54623
0.1380  0.45352  0.54648
0.1400  0.45190  0.54810
0.1420  0.45259  0.54741
0.1440  0.45022  0.54978
0.1460  0.44913  0.55087
0.1480  0.44854  0.55146
0.1500  0.44858  0.55142
0.1520  0.44693  0.55307
0.1540  0.44554  0.55446
0.1560  0.44400  0.55600
0.1580  0.44433  0.55567
0.1600  0.44356  0.55644
0.1620  0.44167  0.55833
0.1640  0.44211  0.55789
0.1660  0.43984  0.56016
0.1680  0.43849  0.56151
0.1700  0.43777  0.56223
0.1720  0.43689  0.56311
0.1740  0.43549  0.56451
0.1760  0.43463  0.56537
0.1780  0.43425  0.56575
0.1800  0.43277  0.56723
0.1820  0.43183  0.56817
0.1840  0.43137  0.56863
0.1860  0.42962  0.57038
0.1880  0.42861  0.57139
0.1900  0.42690  0.57310
0.1920  0.42584  0.57416
0.1940  0.42492  0.57508
0.1960  0.42381  0.57619
0.1980  0.42318  0.57682
0.2000  0.42195  0.57805
0.2020  0.41988  0.58012
0.2040  0.41899  0.58101
0.2060  0.41730  0.58270
0.2080  0.41717  0.58283
0.2100  0.41564  0.58436
0.2120  0.41387  0.58613
0.2140  0.41294  0.58706
0.2160  0.41141  0.58859
0.2180  0.41077  0.58923
0.2200  0.40824  0.59176
0.2220  0.40761  0.59239
0.2240  0.40622  0.59378
0.2260  0.40447  0.59553
0.2280  0.40358  0.59642
0.2300  0.40241  0.59759
0.2320  0.40023  0.59977
0.2340  0.39875  0.60125
0.2360  0.39744  0.60256
0.2380  0.39504  0.60496
0.2400  0.39422  0.60578
0.2420  0.39317  0.60683
0.2440  0.39112  0.60888
0.2460  0.38964  0.61036
0.2480  0.38884  0.61116
0.2500  0.38673  0.61327
0.2520  0.38467  0.61533
0.2540  0.38303  0.61697
0.2560  0.38292  0.61708
0.2580  0.38059  0.61941
0.2600  0.37961  0.62039
0.2620  0.37691  0.62309
0.2640  0.37545  0.62455
0.2660  0.37331  0.62669
0.2680  0.37254  0.62746
0.2700  0.37007  0.62993
0.2720  0.36738  0.63262
0.2740  0.36560  0.63440
0.2760  0.36497  0.63503
0.2780  0.36317  0.63683
0.2800  0.36033  0.63967
0.2820  0.35840  0.64160
0.2840  0.35635  0.64365
0.2860  0.35534  0.64466
0.2880  0.35342  0.64658
0.2900  0.35063  0.64937
0.2920  0.34968  0.65032
0.2940  0.34738  0.65262
0.2960  0.34416  0.65584
0.2980  0.34306  0.65694
0.3000  0.33982  0.66018
0.3020  0.33825  0.66175
0.3040  0.33533  0.66467
0.3060  0.33316  0.66684
0.3080  0.33050  0.66950
0.3100  0.32865  0.67135
0.3120  0.32695  0.67305
0.3140  0.32360  0.67640
0.3160  0.32081  0.67919
0.3180  0.31912  0.68088
0.3200  0.31600  0.68400
0.3220  0.31435  0.68565
0.3240  0.31018  0.68982
0.3260  0.30870  0.69130
0.3280  0.30596  0.69404
0.3300  0.30384  0.69616
0.3320  0.30119  0.69881
0.3340  0.29709  0.70291
0.3360  0.29437  0.70563
0.3380  0.29162  0.70838
0.3400  0.28837  0.71163
0.3420  0.28391  0.71609
0.3440  0.28222  0.71778
0.3460  0.27798  0.72202
0.3480  0.27517  0.72483
0.3500  0.26866  0.73134
0.3520  0.26907  0.73093
0.3540  0.26213  0.73787
0.3560  0.25980  0.74020
0.3580  0.25558  0.74442
0.3600  0.25156  0.74844
0.3620  0.25130  0.74870
0.3640  0.24533  0.75467
0.3660  0.23888  0.76113
0.3680  0.23403  0.76597
0.3700  0.22716  0.77284
0.3720  0.21929  0.78071
0.3740  0.21527  0.78473
0.3760  0.21171  0.78829
0.3780  0.19759  0.80241
0.3800  0.19801  0.80199
0.3820  0.18096  0.81904
0.3840  0.18463  0.81537
0.3860  0.17117  0.82883
0.3880  0.16812  0.83188
0.3900  0.16015  0.83985
0.3920  0.15846  0.84154
0.3940  0.15581  0.84419
0.3960  0.14946  0.85054
0.3980  0.14543  0.85457
0.4000  0.14282  0.85718
0.4020  0.13591  0.86409
0.4040  0.13342  0.86658
0.4060  0.13065  0.86935
0.4080  0.12723  0.87277
0.4100  0.12547  0.87453
0.4120  0.12133  0.87867
0.4140  0.11818  0.88182
0.4160  0.11423  0.88577
0.4180  0.14323  0.85677
0.4200  0.10925  0.89075
0.4220  0.11175  0.88825
0.4240  0.10432  0.89568
0.4260  0.10129  0.89871
0.4280  0.10021  0.89979
0.4300  0.09850  0.90150
0.4320  0.09613  0.90387
0.4340  0.09335  0.90665
0.4360  0.09163  0.90837
0.4380  0.08995  0.91005
0.4400  0.11664  0.88336
0.4420  0.08690  0.91310
0.4440  0.10303  0.89697
0.4460  0.11145  0.88855
0.4480  0.08122  0.91878
0.4500  0.07920  0.92080
0.4520  0.07737  0.92263
0.4540  0.07580  0.92420
0.4560  0.07429  0.92571
0.4580  0.07499  0.92501
0.4600  0.09910  0.90090
0.4620  0.06933  0.93067
0.4640  0.10114  0.89886
0.4660  0.06675  0.93325
0.4680  0.06605  0.93395
0.4700  0.06347  0.93653
0.4720  0.06346  0.93654
0.4740  0.09441  0.90559
0.4760  0.06039  0.93961
0.4780  0.05984  0.94016
0.4800  0.05791  0.94209
0.4820  0.05685  0.94315
0.4840  0.08854  0.91146
0.4860  0.05462  0.94537
0.4880  0.05337  0.94663
0.4900  0.05223  0.94777
0.4920  0.07770  0.92230
0.4940  0.05049  0.94951
0.4960  0.05706  0.94294
0.4980  0.04882  0.95118
0.5000  0.08055  0.91945