0.0000  0.66724  0.33276
0.0020  0.66830  0.33170
0.0040  0.66738  0.33262
0.0060  0.66375  0.33625
0.0080  0.66477  0.33523
0.0100  0.66491  0.33509
0.0120  0.66407  0.33593
0.0140  0.66406  0.33594
0.0160  0.66269  0.33731
0.0180  0.66103  0.33897
0.0200  0.66170  0.33830
0.0220  0.66173  0.33827
0.0240  0.66108  0.33892
0.0260  0.66034  0.33966
0.0280  0.66010  0.33990
0.0300  0.65993  0.34007
0.0320  0.65878  0.34122
0.0340  0.65849  0.34151
0.0360  0.65798  0.34202
0.0380  0.65793  0.34207
0.0400  0.65739  0.34261
0.0420  0.65598  0.34402
0.0440  0.65730  0.34270
0.0460  0.65594  0.34406
0.0480  0.65492  0.34508
0.0500  0.65424  0.34576
0.0520  0.65425  0.34575
0.0540  0.65498  0.34502
0.0560  0.65320  0.34680
0.0580  0.65444  0.34556
0.0600  0.65302  0.34698
0.0620  0.65145  0.34855
0.0640  0.65031  0.34969
0.0660  0.65042  0.34958
0.0680  0.64803  0.35197
0.0700  0.64933  0.35067
0.0720  0.64808  0.35192
0.0740  0.64877  0.35123
0.0760  0.64801  0.35199
0.0780  0.64747  0.35253
0.0800  0.64480  0.35520
0.0820  0.64559  0.35441
0.0840  0.64551  0.35449
0.0860  0.64446  0.35554
0.0880  0.64390  0.35610
0.0900  0.64421  0.35579
0.0920  0.64409  0.35591
0.0940  0.64124  0.35876
0.0960  0.64269  0.35731
0.0980  0.64045  0.35955
0.1000  0.64057  0.35943
0.1020  0.64017  0.35983
0.1040  0.64017  0.35983
0.1060  0.63845  0.36155
0.1080  0.63814  0.36186
0.1100  0.63864  0.36136
0.1120  0.63744  0.36256
0.1140  0.63658  0.36342
0.1160  0.63573  0.36427
0.1180  0.63490  0.36510
0.1200  0.63524  0.36476
0.1220  0.63269  0.36731
0.1240  0.63336  0.36664
0.1260  0.63158  0.36842
0.1280  0.63152  0.36848
0.1300  0.62967  0.37033
0.1320  0.62919  0.37081
0.1340  0.62937  0.37063
0.1360  0.62964  0.37036
0.1380  0.62812  0.37188
0.1400  0.62788  0.37212
0.1420  0.62652  0.37348
0.1440  0.62587  0.37413
0.1460  0.62462  0.37538
0.1480  0.62449  0.37551
0.1500  0.62368  0.37632
0.1520  0.62264  0.37736
0.1540  0.62227  0.37773
0.1560  0.62172  0.37828
0.1580  0.62140  0.37860
0.1600  0.61915  0.38085
0.1620  0.61899  0.38101
0.1640  0.61829  0.38171
0.1660  0.61840  0.38160
0.1680  0.61686  0.38314
0.1700  0.61547  0.38453
0.1720  0.61441  0.38559
0.1740  0.61453  0.38547
0.1760  0.61364  0.38636
0.1780  0.61317  0.38683
0.1800  0.61245  0.38755
0.1820  0.61098  0.38902
0.1840  0.61041  0.38959
0.1860  0.61004  0.38996
0.1880  0.60926  0.39074
0.1900  0.60870  0.39130
0.1920  0.60854  0.39146
0.1940  0.60535  0.39465
0.1960  0.60539  0.39461
0.1980  0.60442  0.39558
0.2000  0.60293  0.39707
0.2020  0.60277  0.39723
0.2040  0.60096  0.39904
0.2060  0.59936  0.40064
0.2080  0.60032  0.39968
0.2100  0.59740  0.40260
0.2120  0.59822  0.40178
0.2140  0.59695  0.40305
0.2160  0.59596  0.40404
0.2180  0.59454  0.40546
0.2200  0.59493  0.40507
0.2220  0.59302  0.40698
0.2240  0.59274  0.40726
0.2260  0.59105  0.40895
0.2280  0.58836  0.41164
0.2300  0.58861  0.41139
0.2320  0.58837  0.41163
0.2340  0.58682  0.41318
0.2360  0.58612  0.41388
0.2380  0.58381  0.41619
0.2400  0.58190  0.41810
0.2420  0.58245  0.41755
0.2440  0.58153  0.41847
0.2460  0.57848  0.42152
0.2480  0.57788  0.42212
0.2500  0.57746  0.42254
0.2520  0.57682  0.42318
0.2540  0.57508  0.42492
0.2560  0.57549  0.42451
0.2580  0.57330  0.42670
0.2600  0.57343  0.42657
0.2620  0.57042  0.42958
0.2640  0.56944  0.43056
0.2660  0.56747  0.43253
0.2680  0.56704  0.43296
0.2700  0.56587  0.43413
0.2720  0.56478  0.43522
0.2740  0.56463  0.43537
0.2760  0.56059  0.43941
0.2780  0.56076  0.43924
0.2800  0.55875  0.44125
0.2820  0.55699  0.44301
0.2840  0.55651  0.44349
0.2860  0.55630  0.44370
0.2880  0.55281  0.44719
0.2900  0.55298  0.44702
0.2920  0.55095  0.44905
0.2940  0.54961  0.45039
0.2960  0.54610  0.45390
0.2980  0.54754  0.45246
0.3000  0.54440  0.45560
0.3020  0.54032  0.45968
0.3040  0.54107  0.45893
0.3060  0.53763  0.46237
0.3080  0.53926  0.46074
0.3100  0.53455  0.46545
0.3120  0.53520  0.46480
0.3140  0.53502  0.46498
0.3160  0.53181  0.46819
0.3180  0.52985  0.47015
0.3200  0.52791  0.47209
0.3220  0.52732  0.47268
0.3240  0.52638  0.47362
0.3260  0.52398  0.47602
0.3280  0.51957  0.48043
0.3300  0.52046  0.47954
0.3320  0.51736  0.48264
0.3340  0.51536  0.48464
0.3360  0.51382  0.48618
0.3380  0.51169  0.48831
0.3400  0.51077  0.48923
0.3420  0.50833  0.49167
0.3440  0.50776  0.49224
0.3460  0.50646  0.49354
0.3480  0.50240  0.49760
0.3500  0.50033  0.49967
0.3520  0.49867  0.50133
0.3540  0.49605  0.50395
0.3560  0.49443  0.50557
0.3580  0.49180  0.50820
0.3600  0.49083  0.50917
0.3620  0.48792  0.51208
0.3640  0.48362  0.51638
0.3660  0.47854  0.52146
0.3680  0.47811  0.52189
0.3700  0.47753  0.52247
0.3720  0.47403  0.52597
0.3740  0.47146  0.52854
0.3760  0.46837  0.53163
0.3780  0.46771  0.53229
0.3800  0.46145  0.53855
0.3820  0.45670  0.54330
0.3840  0.45562  0.54438
0.3860  0.45451  0.54549
0.3880  0.45234  0.54766
0.3900  0.44992  0.55008
0.3920  0.44193  0.55807
0.3940  0.44473  0.55527
0.3960  0.44029  0.55971
0.3980  0.43362  0.56637
0.4000  0.43362  0.56638
0.4020  0.42724  0.57276
0.4040  0.42104  0.57896
0.4060  0.41118  0.58882
0.4080  0.41047  0.58953
0.4100  0.40418  0.59582
0.4120  0.41012  0.58988
0.4140  0.40229  0.59771
0.4160  0.39680  0.60320
0.4180  0.40082  0.59918
0.4200  0.38898  0.61102
0.4220  0.37443  0.62557
0.4240  0.37471  0.62529
0.4260  0.36818  0.63182
0.4280  0.35197  0.64803
0.4300  0.37114  0.62886
0.4320  0.33389  0.66611
0.4340  0.32797  0.67203
0.4360  0.31517  0.68483
0.4380  0.32065  0.67935
0.4400  0.32255  0.67745
0.4420  0.26433  0.73567
0.4440  0.24371  0.75629
0.4460  0.24551  0.75449
0.4480  0.24060  0.75940
0.4500  0.23198  0.76802
0.4520  0.22410  0.77590
0.4540  0.20675  0.79325
0.4560  0.20578  0.79422
0.4580  0.19657  0.80343
0.4600  0.17732  0.82268
0.4620  0.17901  0.82099
0.4640  0.18435  0.81565
0.4660  0.16561  0.83439
0.4680  0.16391  0.83609
0.4700  0.16759  0.83241
0.4720  0.15365  0.84635
0.4740  0.15098  0.84902
0.4760  0.14741  0.85259
0.4780  0.14332  0.85668
0.4800  0.13764  0.86236
0.4820  0.22178  0.77822
0.4840  0.13216  0.86784
0.4860  0.13920  0.86080
0.4880  0.12293  0.87707
0.4900  0.12411  0.87589
0.4920  0.12580  0.87420
0.4940  0.11770  0.88230
0.4960  0.11726  0.88274
0.4980  0.11318  0.88682
0.5000  0.11201  0.88799