0.0000  0.33346  0.66654  0.00000
0.0020  0.33205  0.66795  0.00000
0.0040  0.33281  0.66719  0.00000
0.0060  0.33101  0.66899  0.00000
0.0080  0.33177  0.66823  0.00000
0.0100  0.33074  0.66926  0.00000
0.0120  0.32977  0.67023  0.00000
0.0140  0.33088  0.66912  0.00000
0.0160  0.32973  0.67027  0.00000
0.0180  0.33127  0.66873  0.00000
0.0200  0.32963  0.67037  0.00000
0.0220  0.32938  0.67062  0.00000
0.0240  0.32851  0.67149  0.00000
0.0260  0.32837  0.67163  0.00000
0.0280  0.32690  0.67310  0.00000
0.0300  0.32666  0.67334  0.00000
0.0320  0.32689  0.67311  0.00000
0.0340  0.32645  0.67355  0.00000
0.0360  0.32270  0.67730  0.00000
0.0380  0.32326  0.67674  0.00000
0.0400  0.32529  0.67471  0.00000
0.0420  0.32567  0.67433  0.00000
0.0440  0.32284  0.67716  0.00000
0.0460  0.32241  0.67759  0.00000
0.0480  0.32433  0.67567  0.00000
0.0500  0.32189  0.67811  0.00000
0.0520  0.32083  0.67917  0.00000
0.0540  0.31990  0.68010  0.00000
0.0560  0.31992  0.68008  0.00000
0.0580  0.32021  0.67979  0.00000
0.0600  0.31953  0.68047  0.00000
0.0620  0.31889  0.68111  0.00000
0.0640  0.31894  0.68106  0.00000
0.0660  0.31843  0.68157  0.00000
0.0680  0.31838  0.68162  0.00000
0.0700  0.31644  0.68356  0.00000
0.0720  0.31558  0.68442  0.00000
0.0740  0.31635  0.68365  0.00000
0.0760  0.31572  0.68428  0.00000
0.0780  0.31473  0.68527  0.00000
0.0800  0.31565  0.68435  0.00000
0.0820  0.31433  0.68567  0.00000
0.0840  0.31310  0.68690  0.00000
0.0860  0.31382  0.68618  0.00000
0.0880  0.31373  0.68627  0.00000
0.0900  0.31273  0.68727  0.00000
0.0920  0.31287  0.68713  0.00000
0.0940  0.31152  0.68848  0.00000
0.0960  0.31143  0.68857  0.00000
0.0980  0.31075  0.68925  0.00000
0.1000  0.31021  0.68979  0.00000
0.1020  0.30952  0.69048  0.00000
0.1040  0.30903  0.69097  0.00000
0.1060  0.30853  0.69147  0.00000
0.1080  0.30967  0.69033  0.00000
0.1100  0.30744  0.69256  0.00000
0.1120  0.30754  0.69246  0.00000
0.1140  0.30625  0.69375  0.00000
0.1160  0.30552  0.69448  0.00000
0.1180  0.30589  0.69411  0.00000
0.1200  0.30556  0.69444  0.00000
0.1220  0.30501  0.69499  0.00000
0.1240  0.30333  0.69667  0.00000
0.1260  0.30324  0.69676  0.00000
0.1280  0.30237  0.69763  0.00000
0.1300  0.30174  0.69826  0.00000
0.1320  0.30237  0.69763  0.00000
0.1340  0.30084  0.69916  0.00000
0.1360  0.30051  0.69949  0.00000
0.1380  0.30088  0.69912  0.00000
0.1400  0.29961  0.70039  0.00000
0.1420  0.29779  0.70221  0.00000
0.1440  0.29882  0.70118  0.00000
0.1460  0.29859  0.70141  0.00000
0.1480  0.29887  0.70113  0.00000
0.1500  0.29796  0.70204  0.00000
0.1520  0.29774  0.70226  0.00000
0.1540  0.29555  0.70445  0.00000
0.1560  0.29471  0.70529  0.00000
0.1580  0.29448  0.70552  0.00000
0.1600  0.29412  0.70588  0.00000
0.1620  0.29266  0.70734  0.00000
0.1640  0.29343  0.70657  0.00000
0.1660  0.29157  0.70843  0.00000
0.1680  0.29331  0.70669  0.00000
0.1700  0.29180  0.70820  0.00000
0.1720  0.29069  0.70931  0.00000
0.1740  0.29144  0.70856  0.00000
0.1760  0.28963  0.71037  0.00000
0.1780  0.28873  0.71127  0.00000
0.1800  0.28993  0.71007  0.00000
0.1820  0.28676  0.71324  0.00000
0.1840  0.28657  0.71343  0.00000
0.1860  0.28680  0.71320  0.00000
0.1880  0.28652  0.71348  0.00000
0.1900  0.28458  0.71542  0.00000
0.1920  0.28580  0.71420  0.00000
0.1940  0.28545  0.71455  0.00000
0.1960  0.28537  0.71463  0.00000
0.1980  0.28321  0.71679  0.00000
0.2000  0.28297  0.71703  0.00000
0.2020  0.28273  0.71727  0.00000
0.2040  0.28168  0.71832  0.00000
0.2060  0.28223  0.71777  0.00000
0.2080  0.28009  0.71991  0.00000
0.2100  0.27966  0.72034  0.00000
0.2120  0.27852  0.72148  0.00000
0.2140  0.27896  0.72104  0.00000
0.2160  0.27703  0.72297  0.00000
0.2180  0.27697  0.72303  0.00000
0.2200  0.27692  0.72308  0.00000
0.2220  0.27638  0.72362  0.00000
0.2240  0.27578  0.72422  0.00000
0.2260  0.27604  0.72396  0.00000
0.2280  0.27477  0.72523  0.00000
0.2300  0.27488  0.72512  0.00000
0.2320  0.27249  0.72751  0.00000
0.2340  0.27234  0.72766  0.00000
0.2360  0.27229  0.72771  0.00000
0.2380  0.27167  0.72833  0.00000
0.2400  0.27091  0.72909  0.00000
0.2420  0.27078  0.72922  0.00000
0.2440  0.26921  0.73079  0.00000
0.2460  0.26809  0.73191  0.00000
0.2480  0.26618  0.73382  0.00000
0.2500  0.26804  0.73196  0.00000
0.2520  0.26657  0.73343  0.00000
0.2540  0.26666  0.73334  0.00000
0.2560  0.26573  0.73427  0.00000
0.2580  0.26351  0.73649  0.00000
0.2600  0.26482  0.73518  0.00000
0.2620  0.26385  0.73615  0.00000
0.2640  0.26445  0.73555  0.00000
0.2660  0.26149  0.73851  0.00000
0.2680  0.26122  0.73878  0.00000
0.2700  0.26071  0.73929  0.00000
0.2720  0.26056  0.73944  0.00000
0.2740  0.26097  0.73903  0.00000
0.2760  0.25899  0.74101  0.00000
0.2780  0.25913  0.74087  0.00000
0.2800  0.25794  0.74206  0.00000
0.2820  0.25642  0.74358  0.00000
0.2840  0.25630  0.74370  0.00000
0.2860  0.25571  0.74429  0.00000
0.2880  0.25272  0.74728  0.00000
0.2900  0.25427  0.74573  0.00000
0.2920  0.25318  0.74682  0.00000
0.2940  0.25102  0.74898  0.00000
0.2960  0.25149  0.74851  0.00000
0.2980  0.24855  0.75145  0.00000
0.3000  0.24895  0.75105  0.00000
0.3020  0.24973  0.75027  0.00000
0.3040  0.24697  0.75303  0.00000
0.3060  0.24750  0.75250  0.00000
0.3080  0.24725  0.75275  0.00000
0.3100  0.24514  0.75486  0.00000
0.3120  0.24499  0.75501  0.00000
0.3140  0.24486  0.75514  0.00000
0.3160  0.24211  0.75789  0.00000
0.3180  0.24245  0.75755  0.00000
0.3200  0.24164  0.75836  0.00000
0.3220  0.24219  0.75781  0.00000
0.3240  0.24073  0.75927  0.00000
0.3260  0.24032  0.75968  0.00000
0.3280  0.23788  0.76212  0.00000
0.3300  0.23846  0.76154  0.00000
0.3320  0.23852  0.76148  0.00000
0.3340  0.23686  0.76314  0.00000
0.3360  0.23701  0.76299  0.00000
0.3380  0.23465  0.76535  0.00000
0.3400  0.23275  0.76725  0.00000
0.3420  0.23291  0.76709  0.00000
0.3440  0.23279  0.76721  0.00000
0.3460  0.23242  0.76758  0.00000
0.3480  0.22929  0.77071  0.00000
0.3500  0.23037  0.76963  0.00000
0.3520  0.22826  0.77174  0.00000
0.3540  0.22846  0.77154  0.00000
0.3560  0.22708  0.77292  0.00000
0.3580  0.22701  0.77299  0.00000
0.3600  0.22551  0.77449  0.00000
0.3620  0.22474  0.77526  0.00000
0.3640  0.22256  0.77744  0.00000
0.3660  0.22217  0.77783  0.00000
0.3680  0.22098  0.77902  0.00000
0.3700  0.21924  0.78076  0.00000
0.3720  0.21976  0.78024  0.00000
0.3740  0.21701  0.78299  0.00000
0.3760  0.21763  0.78237  0.00000
0.3780  0.21766  0.78234  0.00000
0.3800  0.21394  0.78606  0.00000
0.3820  0.21135  0.78865  0.00000
0.3840  0.21262  0.78738  0.00000
0.3860  0.21233  0.78767  0.00000
0.3880  0.21040  0.78960  0.00000
0.3900  0.20987  0.79013  0.00000
0.3920  0.20645  0.79355  0.00000
0.3940  0.20766  0.79234  0.00000
0.3960  0.20616  0.79384  0.00000
0.3980  0.20260  0.79740  0.00000
0.4000  0.20099  0.79901  0.00000
0.4020  0.20245  0.79755  0.00000
0.4040  0.19923  0.80077  0.00000
0.4060  0.19491  0.80509  0.00000
0.4080  0.19554  0.80446  0.00000
0.4100  0.19274  0.80726  0.00000
0.4120  0.19325  0.80675  0.00000
0.4140  0.19328  0.80672  0.00000
0.4160  0.19180  0.80820  0.00000
0.4180  0.19375  0.80625  0.00000
0.4200  0.18933  0.81067  0.00000
0.4220  0.18453  0.81547  0.00000
0.4240  0.18511  0.81489  0.00000
0.4260  0.18137  0.81863  0.00000
0.4280  0.17631  0.82369  0.00000
0.4300  0.18297  0.81703  0.00000
0.4320  0.17201  0.82799  0.00000
0.4340  0.16902  0.83098  0.00000
0.4360  0.16410  0.83590  0.00000
0.4380  0.16690  0.83310  0.00000
0.4400  0.16574  0.83426  0.00000
0.4420  0.14655  0.85345  0.00000
0.4440  0.13741  0.86259  0.00000
0.4460  0.13934  0.86066  0.00000
0.4480  0.13617  0.86383  0.00000
0.4500  0.13354  0.86646  0.00000
0.4520  0.12944  0.87056  0.00000
0.4540  0.12246  0.87754  0.00000
0.4560  0.11959  0.88041  0.00000
0.4580  0.11405  0.88595  0.00000
0.4600  0.10634  0.89366  0.00000
0.4620  0.10400  0.89600  0.00000
0.4640  0.11011  0.88989  0.00000
0.4660  0.09895  0.90105  0.00000
0.4680  0.10002  0.89998  0.00000
0.4700  0.10049  0.89951  0.00000
0.4720  0.09357  0.90643  0.00000
0.4740  0.09318  0.90682  0.00000
0.4760  0.09073  0.90927  0.00000
0.4780  0.08779  0.91221  0.00000
0.4800  0.08366  0.91634  0.00000
0.4820  0.12722  0.87278  0.00000
0.4840  0.08249  0.91751  0.00000
0.4860  0.08722  0.91278  0.00000
0.4880  0.07570  0.92430  0.00000
0.4900  0.07891  0.92109  0.00000
0.4920  0.07786  0.92214  0.00000
0.4940  0.07408  0.92592  0.00000
0.4960  0.07447  0.92553  0.00000
0.4980  0.07376  0.92624  0.00000
0.5000  0.07324  0.92676  0.00000