0.0000  0.33264  0.00000  0.66736  0.00000  0.00000
0.0020  0.33236  0.00000  0.66764  0.00000  0.00000
0.0040  0.33227  0.00000  0.66773  0.00000  0.00000
0.0060  0.33010  0.00000  0.66990  0.00000  0.00000
0.0080  0.32866  0.00000  0.67134  0.00000  0.00000
0.0100  0.33027  0.00000  0.66973  0.00000  0.00000
0.0120  0.32656  0.00000  0.67344  0.00000  0.00000
0.0140  0.33014  0.00000  0.66986  0.00000  0.00000
0.0160  0.32674  0.00000  0.67326  0.00000  0.00000
0.0180  0.32497  0.00000  0.67503  0.00000  0.00000
0.0200  0.32580  0.00000  0.67420  0.00000  0.00000
0.0220  0.32522  0.00000  0.67478  0.00000  0.00000
0.0240  0.32242  0.00000  0.67758  0.00000  0.00000
0.0260  0.32207  0.00000  0.67793  0.00000  0.00000
0.0280  0.32063  0.00000  0.67937  0.00000  0.00000
0.0300  0.32081  0.00000  0.67919  0.00000  0.00000
0.0320  0.32028  0.00000  0.67972  0.00000  0.00000
0.0340  0.31929  0.00000  0.68071  0.00000  0.00000
0.0360  0.31491  0.00000  0.68509  0.00000  0.00000
0.0380  0.31783  0.00000  0.68217  0.00000  0.00000
0.0400  0.31642  0.00000  0.68358  0.00000  0.00000
0.0420  0.31405  0.00000  0.68595  0.00000  0.00000
0.0440  0.31387  0.00000  0.68613  0.00000  0.00000
0.0460  0.31317  0.00000  0.68683  0.00000  0.00000
0.0480  0.31149  0.00000  0.68851  0.00000  0.00000
0.0500  0.31228  0.00000  0.68772  0.00000  0.00000
0.0520  0.31070  0.00000  0.68930  0.00000  0.00000
0.0540  0.31032  0.00000  0.68968  0.00000  0.00000
0.0560  0.30808  0.00000  0.69192  0.00000  0.00000
0.0580  0.30877  0.00000  0.69123  0.00000  0.00000
0.0600  0.30996  0.00000  0.69004  0.00000  0.00000
0.0620  0.30584  0.00000  0.69416  0.00000  0.00000
0.0640  0.30372  0.00000  0.69628  0.00000  0.00000
0.0660  0.30436  0.00000  0.69564  0.00000  0.00000
0.0680  0.30239  0.00000  0.69761  0.00000  0.00000
0.0700  0.30318  0.00000  0.69682  0.00000  0.00000
0.0720  0.30022  0.00000  0.69978  0.00000  0.00000
0.0740  0.29980  0.00000  0.70020  0.00000  0.00000
0.0760  0.29922  0.00000  0.70078  0.00000  0.00000
0.0780  0.29759  0.00000  0.70241  0.00000  0.00000
0.0800  0.29874  0.00000  0.70126  0.00000  0.00000
0.0820  0.29670  0.00000  0.70330  0.00000  0.00000
0.0840  0.29694  0.00000  0.70306  0.00000  0.00000
0.0860  0.29434  0.00000  0.70566  0.00000  0.00000
0.0880  0.29342  0.00000  0.70658  0.00000  0.00000
0.0900  0.29490  0.00000  0.70510  0.00000  0.00000
0.0920  0.29322  0.00000  0.70678  0.00000  0.00000
0.0940  0.29234  0.00000  0.70766  0.00000  0.00000
0.0960  0.29162  0.00000  0.70838  0.00000  0.00000
0.0980  0.29114  0.00000  0.70886  0.00000  0.00000
0.1000  0.29085  0.00000  0.70915  0.00000  0.00000
0.1020  0.28855  0.00000  0.71145  0.00000  0.00000
0.1040  0.28676  0.00000  0.71324  0.00000  0.00000
0.1060  0.28802  0.00000  0.71198  0.00000  0.00000
0.1080  0.28614  0.00000  0.71386  0.00000  0.00000
0.1100  0.28559  0.00000  0.71441  0.00000  0.00000
0.1120  0.28312  0.00000  0.71688  0.00000  0.00000
0.1140  0.28361  0.00000  0.71639  0.00000  0.00000
0.1160  0.28269  0.00000  0.71731  0.00000  0.00000
0.1180  0.28169  0.00000  0.71831  0.00000  0.00000
0.1200  0.28009  0.00000  0.71991  0.00000  0.00000
0.1220  0.27656  0.00000  0.72344  0.00000  0.00000
0.1240  0.27654  0.00000  0.72346  0.00000  0.00000
0.1260  0.27600  0.00000  0.72400  0.00000  0.00000
0.1280  0.27606  0.00000  0.72394  0.00000  0.00000
0.1300  0.27280  0.00000  0.72720  0.00000  0.00000
0.1320  0.27317  0.00000  0.72683  0.00000  0.00000
0.1340  0.27259  0.00000  0.72741  0.00000  0.00000
0.1360  0.27303  0.00000  0.72697  0.00000  0.00000
0.1380  0.27181  0.00000  0.72819  0.00000  0.00000
0.1400  0.26963  0.00000  0.73037  0.00000  0.00000
0.1420  0.27030  0.00000  0.72970  0.00000  0.00000
0.1440  0.26911  0.00000  0.73089  0.00000  0.00000
0.1460  0.26721  0.00000  0.73279  0.00000  0.00000
0.1480  0.26888  0.00000  0.73112  0.00000  0.00000
0.1500  0.26816  0.00000  0.73184  0.00000  0.00000
0.1520  0.26491  0.00000  0.73509  0.00000  0.00000
0.1540  0.26561  0.00000  0.73439  0.00000  0.00000
0.1560  0.26251  0.00000  0.73749  0.00000  0.00000
0.1580  0.26267  0.00000  0.73733  0.00000  0.00000
0.1600  0.26081  0.00000  0.73919  0.00000  0.00000
0.1620  0.26192  0.00000  0.73808  0.00000  0.00000
0.1640  0.26078  0.00000  0.73922  0.00000  0.00000
0.1660  0.25700  0.00000  0.74300  0.00000  0.00000
0.1680  0.25860  0.00000  0.74140  0.00000  0.00000
0.1700  0.25582  0.00000  0.74418  0.00000  0.00000
0.1720  0.25602  0.00000  0.74398  0.00000  0.00000
0.1740  0.25660  0.00000  0.74340  0.00000  0.00000
0.1760  0.25591  0.00000  0.74409  0.00000  0.00000
0.1780  0.25544  0.00000  0.74456  0.00000  0.00000
0.1800  0.25337  0.00000  0.74663  0.00000  0.00000
0.1820  0.25036  0.00000  0.74964  0.00000  0.00000
0.1840  0.24959  0.00000  0.75041  0.00000  0.00000
0.1860  0.25097  0.00000  0.74903  0.00000  0.00000
0.1880  0.24960  0.00000  0.75040  0.00000  0.00000
0.1900  0.24802  0.00000  0.75198  0.00000  0.00000
0.1920  0.24695  0.00000  0.75305  0.00000  0.00000
0.1940  0.24835  0.00000  0.75165  0.00000  0.00000
0.1960  0.24527  0.00000  0.75473  0.00000  0.00000
0.1980  0.24500  0.00000  0.75500  0.00000  0.00000
0.2000  0.24677  0.00000  0.75323  0.00000  0.00000
0.2020  0.24453  0.00000  0.75547  0.00000  0.00000
0.2040  0.24041  0.00000  0.75959  0.00000  0.00000
0.2060  0.24143  0.00000  0.75857  0.00000  0.00000
0.2080  0.24167  0.00000  0.75833  0.00000  0.00000
0.2100  0.23911  0.00000  0.76089  0.00000  0.00000
0.2120  0.23798  0.00000  0.76202  0.00000  0.00000
0.2140  0.23696  0.00000  0.76304  0.00000  0.00000
0.2160  0.23456  0.00000  0.76544  0.00000  0.00000
0.2180  0.23622  0.00000  0.76378  0.00000  0.00000
0.2200  0.23711  0.00000  0.76289  0.00000  0.00000
0.2220  0.23284  0.00000  0.76716  0.00000  0.00000
0.2240  0.23542  0.00000  0.76458  0.00000  0.00000
0.2260  0.23311  0.00000  0.76689  0.00000  0.00000
0.2280  0.23049  0.00000  0.76951  0.00000  0.00000
0.2300  0.23017  0.00000  0.76983  0.00000  0.00000
0.2320  0.22940  0.00000  0.77060  0.00000  0.00000
0.2340  0.22962  0.00000  0.77038  0.00000  0.00000
0.2360  0.22866  0.00000  0.77134  0.00000  0.00000
0.2380  0.22811  0.00000  0.77189  0.00000  0.00000
0.2400  0.22536  0.00000  0.77464  0.00000  0.00000
0.2420  0.22627  0.00000  0.77373  0.00000  0.00000
0.2440  0.22345  0.00000  0.77655  0.00000  0.00000
0.2460  0.22195  0.00000  0.77805  0.00000  0.00000
0.2480  0.22195  0.00000  0.77805  0.00000  0.00000
0.2500  0.22143  0.00000  0.77857  0.00000  0.00000
0.2520  0.21931  0.00000  0.78069  0.00000  0.00000
0.2540  0.21766  0.00000  0.78234  0.00000  0.00000
0.2560  0.21933  0.00000  0.78067  0.00000  0.00000
0.2580  0.21520  0.00000  0.78480  0.00000  0.00000
0.2600  0.21636  0.00000  0.78364  0.00000  0.00000
0.2620  0.21624  0.00000  0.78376  0.00000  0.00000
0.2640  0.21576  0.00000  0.78424  0.00000  0.00000
0.2660  0.21528  0.00000  0.78472  0.00000  0.00000
0.2680  0.21502  0.00000  0.78498  0.00000  0.00000
0.2700  0.21379  0.00000  0.78621  0.00000  0.00000
0.2720  0.21006  0.00000  0.78994  0.00000  0.00000
0.2740  0.21079  0.00000  0.78921  0.00000  0.00000
0.2760  0.21163  0.00000  0.78837  0.00000  0.00000
0.2780  0.20792  0.00000  0.79208  0.00000  0.00000
0.2800  0.20736  0.00000  0.79264  0.00000  0.00000
0.2820  0.20755  0.00000  0.79245  0.00000  0.00000
0.2840  0.20600  0.00000  0.79400  0.00000  0.00000
0.2860  0.20684  0.00000  0.79316  0.00000  0.00000
0.2880  0.20103  0.00000  0.79897  0.00000  0.00000
0.2900  0.20385  0.00000  0.79615  0.00000  0.00000
0.2920  0.20439  0.00000  0.79561  0.00000  0.00000
0.2940  0.19931  0.00000  0.80069  0.00000  0.00000
0.2960  0.20012  0.00000  0.79988  0.00000  0.00000
0.2980  0.19881  0.00000  0.80119  0.00000  0.00000
0.3000  0.19742  0.00000  0.80258  0.00000  0.00000
0.3020  0.19589  0.00000  0.80411  0.00000  0.00000
0.3040  0.19442  0.00000  0.80558  0.00000  0.00000
0.3060  0.19550  0.00000  0.80450  0.00000  0.00000
0.3080  0.19441  0.00000  0.80559  0.00000  0.00000
0.3100  0.19406  0.00000  0.80594  0.00000  0.00000
0.3120  0.19347  0.00000  0.80653  0.00000  0.00000
0.3140  0.19250  0.00000  0.80750  0.00000  0.00000
0.3160  0.18971  0.00000  0.81029  0.00000  0.00000
0.3180  0.19034  0.00000  0.80966  0.00000  0.00000
0.3200  0.19061  0.00000  0.80939  0.00000  0.00000
0.3220  0.18811  0.00000  0.81189  0.00000  0.00000
0.3240  0.18381  0.00000  0.81619  0.00000  0.00000
0.3260  0.18703  0.00000  0.81297  0.00000  0.00000
0.3280  0.18394  0.00000  0.81606  0.00000  0.00000
0.3300  0.18336  0.00000  0.81664  0.00000  0.00000
0.3320  0.18132  0.00000  0.81868  0.00000  0.00000
0.3340  0.18022  0.00000  0.81978  0.00000  0.00000
0.3360  0.18020  0.00000  0.81980  0.00000  0.00000
0.3380  0.17768  0.00000  0.82232  0.00000  0.00000
0.3400  0.17764  0.00000  0.82236  0.00000  0.00000
0.3420  0.17633  0.00000  0.82367  0.00000  0.00000
0.3440  0.17771  0.00000  0.82229  0.00000  0.00000
0.3460  0.17564  0.00000  0.82436  0.00000  0.00000
0.3480  0.17540  0.00000  0.82460  0.00000  0.00000
0.3500  0.17345  0.00000  0.82655  0.00000  0.00000
0.3520  0.17260  0.00000  0.82740  0.00000  0.00000
0.3540  0.17142  0.00000  0.82858  0.00000  0.00000
0.3560  0.17113  0.00000  0.82887  0.00000  0.00000
0.3580  0.16921  0.00000  0.83079  0.00000  0.00000
0.3600  0.16929  0.00000  0.83071  0.00000  0.00000
0.3620  0.16668  0.00000  0.83332  0.00000  0.00000
0.3640  0.16677  0.00000  0.83323  0.00000  0.00000
0.3660  0.16655  0.00000  0.83345  0.00000  0.00000
0.3680  0.16314  0.00000  0.83686  0.00000  0.00000
0.3700  0.16221  0.00000  0.83779  0.00000  0.00000
0.3720  0.16246  0.00000  0.83754  0.00000  0.00000
0.3740  0.16203  0.00000  0.83797  0.00000  0.00000
0.3760  0.15981  0.00000  0.84019  0.00000  0.00000
0.3780  0.16120  0.00000  0.83880  0.00000  0.00000
0.3800  0.15689  0.00000  0.84311  0.00000  0.00000
0.3820  0.15501  0.00000  0.84499  0.00000  0.00000
0.3840  0.15713  0.00000  0.84287  0.00000  0.00000
0.3860  0.15529  0.00000  0.84471  0.00000  0.00000
0.3880  0.15378  0.00000  0.84622  0.00000  0.00000
0.3900  0.15226  0.00000  0.84774  0.00000  0.00000
0.3920  0.15076  0.00000  0.84924  0.00000  0.00000
0.3940  0.15268  0.00000  0.84732  0.00000  0.00000
0.3960  0.14824  0.00000  0.85176  0.00000  0.00000
0.3980  0.14635  0.00000  0.85365  0.00000  0.00000
0.4000  0.14810  0.00000  0.85190  0.00000  0.00000
0.4020  0.14622  0.00000  0.85378  0.00000  0.00000
0.4040  0.14659  0.00000  0.85341  0.00000  0.00000
0.4060  0.14147  0.00000  0.85853  0.00000  0.00000
0.4080  0.14039  0.00000  0.85961  0.00000  0.00000
0.4100  0.13785  0.00000  0.86215  0.00000  0.00000
0.4120  0.14015  0.00000  0.85985  0.00000  0.00000
0.4140  0.13773  0.00000  0.86227  0.00000  0.00000
0.4160  0.13531  0.00000  0.86469  0.00000  0.00000
0.4180  0.13800  0.00000  0.86200  0.00000  0.00000
0.4200  0.13522  0.00000  0.86478  0.00000  0.00000
0.4220  0.13164  0.00000  0.86836  0.00000  0.00000
0.4240  0.13183  0.00000  0.86817  0.00000  0.00000
0.4260  0.13041  0.00000  0.86959  0.00000  0.00000
0.4280  0.12463  0.00000  0.87537  0.00000  0.00000
0.4300  0.12734  0.00000  0.87266  0.00000  0.00000
0.4320  0.12487  0.00000  0.87513  0.00000  0.00000
0.4340  0.12322  0.00000  0.87678  0.00000  0.00000
0.4360  0.11846  0.00000  0.88154  0.00000  0.00000
0.4380  0.11964  0.00000  0.88036  0.00000  0.00000
0.4400  0.11966  0.00000  0.88034  0.00000  0.00000
0.4420  0.11044  0.00000  0.88956  0.00000  0.00000
0.4440  0.10460  0.00000  0.89540  0.00000  0.00000
0.4460  0.10606  0.00000  0.89394  0.00000  0.00000
0.4480  0.10151  0.00000  0.89849  0.00000  0.00000
0.4500  0.10402  0.00000  0.89598  0.00000  0.00000
0.4520  0.09847  0.00000  0.90153  0.00000  0.00000
0.4540  0.09669  0.00000  0.90331  0.00000  0.00000
0.4560  0.09660  0.00000  0.90340  0.00000  0.00000
0.4580  0.08884  0.00000  0.91116  0.00000  0.00000
0.4600  0.08654  0.00000  0.91346  0.00000  0.00000
0.4620  0.08366  0.00000  0.91634  0.00000  0.00000
0.4640  0.09121  0.00000  0.90879  0.00000  0.00000
0.4660  0.08185  0.00000  0.91815  0.00000  0.00000
0.4680  0.07976  0.00000  0.92024  0.00000  0.00000
0.4700  0.08555  0.00000  0.91445  0.00000  0.00000
0.4720  0.07893  0.00000  0.92107  0.00000  0.00000
0.4740  0.07886  0.00000  0.92114  0.00000  0.00000
0.4760  0.07819  0.00000  0.92181  0.00000  0.00000
0.4780  0.07326  0.00000  0.92674  0.00000  0.00000
0.4800  0.07270  0.00000  0.92730  0.00000  0.00000
0.4820  0.09027  0.00000  0.90973  0.00000  0.00000
0.4840  0.06911  0.00000  0.93089  0.00000  0.00000
0.4860  0.07402  0.00000  0.92598  0.00000  0.00000
0.4880  0.07045  0.00000  0.92955  0.00000  0.00000
0.4900  0.07146  0.00000  0.92854  0.00000  0.00000
0.4920  0.06792  0.00000  0.93208  0.00000  0.00000
0.4940  0.06686  0.00000  0.93314  0.00000  0.00000
0.4960  0.06699  0.00000  0.93301  0.00000  0.00000
0.4980  0.06346  0.00000  0.93654  0.00000  0.00000
0.5000  0.06594  0.00000  0.93406  0.00000  0.00000