0.0000  0.00000  0.66571  0.33429  0.00000  0.00000
0.0020  0.00000  0.66581  0.33419  0.00000  0.00000
0.0040  0.00000  0.66419  0.33581  0.00000  0.00000
0.0060  0.00000  0.66585  0.33415  0.00000  0.00000
0.0080  0.00000  0.66591  0.33409  0.00000  0.00000
0.0100  0.00000  0.66333  0.33667  0.00000  0.00000
0.0120  0.00000  0.66461  0.33539  0.00000  0.00000
0.0140  0.00000  0.66196  0.33804  0.00000  0.00000
0.0160  0.00000  0.66183  0.33817  0.00000  0.00000
0.0180  0.00000  0.66335  0.33665  0.00000  0.00000
0.0200  0.00000  0.66010  0.33990  0.00000  0.00000
0.0220  0.00000  0.66066  0.33934  0.00000  0.00000
0.0240  0.00000  0.66105  0.33895  0.00000  0.00000
0.0260  0.00000  0.66132  0.33868  0.00000  0.00000
0.0280  0.00000  0.66080  0.33920  0.00000  0.00000
0.0300  0.00000  0.66089  0.33911  0.00000  0.00000
0.0320  0.00000  0.65986  0.34014  0.00000  0.00000
0.0340  0.00000  0.65858  0.34142  0.00000  0.00000
0.0360  0.00000  0.65864  0.34136  0.00000  0.00000
0.0380  0.00000  0.65777  0.34223  0.00000  0.00000
0.0400  0.00000  0.65860  0.34140  0.00000  0.00000
0.0420  0.00000  0.65508  0.34492  0.00000  0.00000
0.0440  0.00000  0.65628  0.34372  0.00000  0.00000
0.0460  0.00000  0.65540  0.34460  0.00000  0.00000
0.0480  0.00000  0.65718  0.34282  0.00000  0.00000
0.0500  0.00000  0.65590  0.34410  0.00000  0.00000
0.0520  0.00000  0.65402  0.34598  0.00000  0.00000
0.0540  0.00000  0.65388  0.34612  0.00000  0.00000
0.0560  0.00000  0.65521  0.34479  0.00000  0.00000
0.0580  0.00000  0.65364  0.34636  0.00000  0.00000
0.0600  0.00000  0.65575  0.34425  0.00000  0.00000
0.0620  0.00000  0.65160  0.34840  0.00000  0.00000
0.0640  0.00000  0.65189  0.34811  0.00000  0.00000
0.0660  0.00000  0.65050  0.34950  0.00000  0.00000
0.0680  0.00000  0.65017  0.34983  0.00000  0.00000
0.0700  0.00000  0.65103  0.34897  0.00000  0.00000
0.0720  0.00000  0.65103  0.34897  0.00000  0.00000
0.0740  0.00000  0.64970  0.35030  0.00000  0.00000
0.0760  0.00000  0.65025  0.34975  0.00000  0.00000
0.0780  0.00000  0.64689  0.35311  0.00000  0.00000
0.0800  0.00000  0.64746  0.35254  0.00000  0.00000
0.0820  0.00000  0.64758  0.35242  0.00000  0.00000
0.0840  0.00000  0.64886  0.35114  0.00000  0.00000
0.0860  0.00000  0.64721  0.35279  0.00000  0.00000
0.0880  0.00000  0.64714  0.35286  0.00000  0.00000
0.0900  0.00000  0.64673  0.35327  0.00000  0.00000
0.0920  0.00000  0.64397  0.35603  0.00000  0.00000
0.0940  0.00000  0.64196  0.35804  0.00000  0.00000
0.0960  0.00000  0.64518  0.35482  0.00000  0.00000
0.0980  0.00000  0.64382  0.35618  0.00000  0.00000
0.1000  0.00000  0.64375  0.35625  0.00000  0.00000
0.1020  0.00000  0.64327  0.35673  0.00000  0.00000
0.1040  0.00000  0.64198  0.35802  0.00000  0.00000
0.1060  0.00000  0.64196  0.35804  0.00000  0.00000
0.1080  0.00000  0.64315  0.35685  0.00000  0.00000
0.1100  0.00000  0.64011  0.35989  0.00000  0.00000
0.1120  0.00000  0.63918  0.36082  0.00000  0.00000
0.1140  0.00000  0.63922  0.36078  0.00000  0.00000
0.1160  0.00000  0.63988  0.36012  0.00000  0.00000
0.1180  0.00000  0.63936  0.36064  0.00000  0.00000
0.1200  0.00000  0.63841  0.36159  0.00000  0.00000
0.1220  0.00000  0.63785  0.36215  0.00000  0.00000
0.1240  0.00000  0.63903  0.36097  0.00000  0.00000
0.1260  0.00000  0.63845  0.36155  0.00000  0.00000
0.1280  0.00000  0.63744  0.36256  0.00000  0.00000
0.1300  0.00000  0.63282  0.36718  0.00000  0.00000
0.1320  0.00000  0.63629  0.36371  0.00000  0.00000
0.1340  0.00000  0.63624  0.36376  0.00000  0.00000
0.1360  0.00000  0.63224  0.36776  0.00000  0.00000
0.1380  0.00000  0.63388  0.36612  0.00000  0.00000
0.1400  0.00000  0.63461  0.36539  0.00000  0.00000
0.1420  0.00000  0.63063  0.36937  0.00000  0.00000
0.1440  0.00000  0.63167  0.36833  0.00000  0.00000
0.1460  0.00000  0.63099  0.36901  0.00000  0.00000
0.1480  0.00000  0.63072  0.36928  0.00000  0.00000
0.1500  0.00000  0.63212  0.36788  0.00000  0.00000
0.1520  0.00000  0.62855  0.37145  0.00000  0.00000
0.1540  0.00000  0.62739  0.37261  0.00000  0.00000
0.1560  0.00000  0.62889  0.37111  0.00000  0.00000
0.1580  0.00000  0.62704  0.37296  0.00000  0.00000
0.1600  0.00000  0.62898  0.37102  0.00000  0.00000
0.1620  0.00000  0.62658  0.37342  0.00000  0.00000
0.1640  0.00000  0.62603  0.37397  0.00000  0.00000
0.1660  0.00000  0.62720  0.37280  0.00000  0.00000
0.1680  0.00000  0.62587  0.37413  0.00000  0.00000
0.1700  0.00000  0.62577  0.37423  0.00000  0.00000
0.1720  0.00000  0.62396  0.37604  0.00000  0.00000
0.1740  0.00000  0.62462  0.37538  0.00000  0.00000
0.1760  0.00000  0.62283  0.37717  0.00000  0.00000
0.1780  0.00000  0.62261  0.37739  0.00000  0.00000
0.1800  0.00000  0.62085  0.37915  0.00000  0.00000
0.1820  0.00000  0.62064  0.37936  0.00000  0.00000
0.1840  0.00000  0.62043  0.37957  0.00000  0.00000
0.1860  0.00000  0.62062  0.37938  0.00000  0.00000
0.1880  0.00000  0.62030  0.37970  0.00000  0.00000
0.1900  0.00000  0.62001  0.37999  0.00000  0.00000
0.1920  0.00000  0.61916  0.38084  0.00000  0.00000
0.1940  0.00000  0.61764  0.38236  0.00000  0.00000
0.1960  0.00000  0.61682  0.38318  0.00000  0.00000
0.1980  0.00000  0.61573  0.38427  0.00000  0.00000
0.2000  0.00000  0.61635  0.38365  0.00000  0.00000
0.2020  0.00000  0.61637  0.38363  0.00000  0.00000
0.2040  0.00000  0.61512  0.38488  0.00000  0.00000
0.2060  0.00000  0.61487  0.38513  0.00000  0.00000
0.2080  0.00000  0.61568  0.38432  0.00000  0.00000
0.2100  0.00000  0.61356  0.38644  0.00000  0.00000
0.2120  0.00000  0.61246  0.38754  0.00000  0.00000
0.2140  0.00000  0.61202  0.38798  0.00000  0.00000
0.2160  0.00000  0.61141  0.38859  0.00000  0.00000
0.2180  0.00000  0.60979  0.39021  0.00000  0.00000
0.2200  0.00000  0.61065  0.38935  0.00000  0.00000
0.2220  0.00000  0.61084  0.38916  0.00000  0.00000
0.2240  0.00000  0.60978  0.39022  0.00000  0.00000
0.2260  0.00000  0.60804  0.39196  0.00000  0.00000
0.2280  0.00000  0.60780  0.39220  0.00000  0.00000
0.2300  0.00000  0.60744  0.39256  0.00000  0.00000
0.2320  0.00000  0.60625  0.39375  0.00000  0.00000
0.2340  0.00000  0.60557  0.39443  0.00000  0.00000
0.2360  0.00000  0.60605  0.39395  0.00000  0.00000
0.2380  0.00000  0.60464  0.39536  0.00000  0.00000
0.2400  0.00000  0.60545  0.39455  0.00000  0.00000
0.2420  0.00000  0.60348  0.39652  0.00000  0.00000
0.2440  0.00000  0.60441  0.39559  0.00000  0.00000
0.2460  0.00000  0.60356  0.39644  0.00000  0.00000
0.2480  0.00000  0.60105  0.39895  0.00000  0.00000
0.2500  0.00000  0.60183  0.39817  0.00000  0.00000
0.2520  0.00000  0.60020  0.39980  0.00000  0.00000
0.2540  0.00000  0.60156  0.39844  0.00000  0.00000
0.2560  0.00000  0.59834  0.40166  0.00000  0.00000
0.2580  0.00000  0.59912  0.40088  0.00000  0.00000
0.2600  0.00000  0.59974  0.40026  0.00000  0.00000
0.2620  0.00000  0.59604  0.40396  0.00000  0.00000
0.2640  0.00000  0.59573  0.40427  0.00000  0.00000
0.2660  0.00000  0.59618  0.40382  0.00000  0.00000
0.2680  0.00000  0.59287  0.40713  0.00000  0.00000
0.2700  0.00000  0.59262  0.40738  0.00000  0.00000
0.2720  0.00000  0.59332  0.40668  0.00000  0.00000
0.2740  0.00000  0.59591  0.40409  0.00000  0.00000
0.2760  0.00000  0.59367  0.40633  0.00000  0.00000
0.2780  0.00000  0.59115  0.40885  0.00000  0.00000
0.2800  0.00000  0.59142  0.40858  0.00000  0.00000
0.2820  0.00000  0.59134  0.40866  0.00000  0.00000
0.2840  0.00000  0.59048  0.40952  0.00000  0.00000
0.2860  0.00000  0.59056  0.40944  0.00000  0.00000
0.2880  0.00000  0.58911  0.41089  0.00000  0.00000
0.2900  0.00000  0.58870  0.41130  0.00000  0.00000
0.2920  0.00000  0.58743  0.41257  0.00000  0.00000
0.2940  0.00000  0.58413  0.41587  0.00000  0.00000
0.2960  0.00000  0.58553  0.41447  0.00000  0.00000
0.2980  0.00000  0.58635  0.41365  0.00000  0.00000
0.3000  0.00000  0.58228  0.41772  0.00000  0.00000
0.3020  0.00000  0.58396  0.41604  0.00000  0.00000
0.3040  0.00000  0.58388  0.41612  0.00000  0.00000
0.3060  0.00000  0.58086  0.41914  0.00000  0.00000
0.3080  0.00000  0.58304  0.41696  0.00000  0.00000
0.3100  0.00000  0.57799  0.42201  0.00000  0.00000
0.3120  0.00000  0.58163  0.41837  0.00000  0.00000
0.3140  0.00000  0.57937  0.42063  0.00000  0.00000
0.3160  0.00000  0.57664  0.42336  0.00000  0.00000
0.3180  0.00000  0.57881  0.42119  0.00000  0.00000
0.3200  0.00000  0.57761  0.42239  0.00000  0.00000
0.3220  0.00000  0.57722  0.42278  0.00000  0.00000
0.3240  0.00000  0.57797  0.42203  0.00000  0.00000
0.3260  0.00000  0.57473  0.42527  0.00000  0.00000
0.3280  0.00000  0.57384  0.42616  0.00000  0.00000
0.3300  0.00000  0.57401  0.42599  0.00000  0.00000
0.3320  0.00000  0.57318  0.42682  0.00000  0.00000
0.3340  0.00000  0.57201  0.42799  0.00000  0.00000
0.3360  0.00000  0.57151  0.42849  0.00000  0.00000
0.3380  0.00000  0.56934  0.43066  0.00000  0.00000
0.3400  0.00000  0.56935  0.43065  0.00000  0.00000
0.3420  0.00000  0.56628  0.43372  0.00000  0.00000
0.3440  0.00000  0.56708  0.43292  0.00000  0.00000
0.3460  0.00000  0.56687  0.43313  0.00000  0.00000
0.3480  0.00000  0.56601  0.43399  0.00000  0.00000
0.3500  0.00000  0.56425  0.43575  0.00000  0.00000
0.3520  0.00000  0.56342  0.43658  0.00000  0.00000
0.3540  0.00000  0.56464  0.43536  0.00000  0.00000
0.3560  0.00000  0.56435  0.43565  0.00000  0.00000
0.3580  0.00000  0.56297  0.43703  0.00000  0.00000
0.3600  0.00000  0.56406  0.43594  0.00000  0.00000
0.3620  0.00000  0.55938  0.44062  0.00000  0.00000
0.3640  0.00000  0.55897  0.44103  0.00000  0.00000
0.3660  0.00000  0.55654  0.44346  0.00000  0.00000
0.3680  0.00000  0.55564  0.44436  0.00000  0.00000
0.3700  0.00000  0.55488  0.44512  0.00000  0.00000
0.3720  0.00000  0.55455  0.44545  0.00000  0.00000
0.3740  0.00000  0.55256  0.44744  0.00000  0.00000
0.3760  0.00000  0.55414  0.44586  0.00000  0.00000
0.3780  0.00000  0.55429  0.44571  0.00000  0.00000
0.3800  0.00000  0.55109  0.44891  0.00000  0.00000
0.3820  0.00000  0.54967  0.45033  0.00000  0.00000
0.3840  0.00000  0.55194  0.44806  0.00000  0.00000
0.3860  0.00000  0.54873  0.45127  0.00000  0.00000
0.3880  0.00000  0.54532  0.45468  0.00000  0.00000
0.3900  0.00000  0.54556  0.45444  0.00000  0.00000
0.3920  0.00000  0.54598  0.45402  0.00000  0.00000
0.3940  0.00000  0.54217  0.45783  0.00000  0.00000
0.3960  0.00000  0.54435  0.45565  0.00000  0.00000
0.3980  0.00000  0.54322  0.45678  0.00000  0.00000
0.4000  0.00000  0.54059  0.45941  0.00000  0.00000
0.4020  0.00000  0.53836  0.46164  0.00000  0.00000
0.4040  0.00000  0.53685  0.46315  0.00000  0.00000
0.4060  0.00000  0.53679  0.46321  0.00000  0.00000
0.4080  0.00000  0.53622  0.46378  0.00000  0.00000
0.4100  0.00000  0.53407  0.46593  0.00000  0.00000
0.4120  0.00000  0.53290  0.46710  0.00000  0.00000
0.4140  0.00000  0.53033  0.46967  0.00000  0.00000
0.4160  0.00000  0.52850  0.47150  0.00000  0.00000
0.4180  0.00000  0.52821  0.47179  0.00000  0.00000
0.4200  0.00000  0.52665  0.47335  0.00000  0.00000
0.4220  0.00000  0.52243  0.47757  0.00000  0.00000
0.4240  0.00000  0.52536  0.47464  0.00000  0.00000
0.4260  0.00000  0.51740  0.48260  0.00000  0.00000
0.4280  0.00000  0.51537  0.48463  0.00000  0.00000
0.4300  0.00000  0.52332  0.47668  0.00000  0.00000
0.4320  0.00000  0.50767  0.49233  0.00000  0.00000
0.4340  0.00000  0.50584  0.49416  0.00000  0.00000
0.4360  0.00000  0.50224  0.49776  0.00000  0.00000
0.4380  0.00000  0.50870  0.49130  0.00000  0.00000
0.4400  0.00000  0.50803  0.49197  0.00000  0.00000
0.4420  0.00000  0.47868  0.52132  0.00000  0.00000
0.4440  0.00000  0.46343  0.53657  0.00000  0.00000
0.4460  0.00000  0.46477  0.53523  0.00000  0.00000
0.4480  0.00000  0.46533  0.53467  0.00000  0.00000
0.4500  0.00000  0.46389  0.53611  0.00000  0.00000
0.4520  0.00000  0.44787  0.55213  0.00000  0.00000
0.4540  0.00000  0.44442  0.55558  0.00000  0.00000
0.4560  0.00000  0.43928  0.56072  0.00000  0.00000
0.4580  0.00000  0.41968  0.58032  0.00000  0.00000
0.4600  0.00000  0.40282  0.59718  0.00000  0.00000
0.4620  0.00000  0.40614  0.59386  0.00000  0.00000
0.4640  0.00000  0.41883  0.58117  0.00000  0.00000
0.4660  0.00000  0.38989  0.61011  0.00000  0.00000
0.4680  0.00000  0.39099  0.60901  0.00000  0.00000
0.4700  0.00000  0.39906  0.60094  0.00000  0.00000
0.4720  0.00000  0.38333  0.61667  0.00000  0.00000
0.4740  0.00000  0.38563  0.61437  0.00000  0.00000
0.4760  0.00000  0.37987  0.62013  0.00000  0.00000
0.4780  0.00000  0.37458  0.62542  0.00000  0.00000
0.4800  0.00000  0.35477  0.64523  0.00000  0.00000
0.4820  0.00000  0.46384  0.53616  0.00000  0.00000
0.4840  0.00000  0.35938  0.64062  0.00000  0.00000
0.4860  0.00000  0.38313  0.61687  0.00000  0.00000
0.4880  0.00000  0.34692  0.65308  0.00000  0.00000
0.4900  0.00000  0.36049  0.63951  0.00000  0.00000
0.4920  0.00000  0.35551  0.64449  0.00000  0.00000
0.4940  0.00000  0.34936  0.65064  0.00000  0.00000
0.4960  0.00000  0.33632  0.66368  0.00000  0.00000
0.4980  0.00000  0.33669  0.66331  0.00000  0.00000
0.5000  0.00000  0.33692  0.66308  0.00000  0.00000